1400
2877
3072
3141
3568
2971
2275
7324
3526
4017
2087
4466
1356
3586
2291
1804
1994
3770
4650
3410
7758
1379
3757
4123
807
2208
371
1649
1486
610
776
1411
1207
504
619
329
1548
1949
3254
1561
3180
5328
4647
7472
2865
1587
1618
615
1350
3917
497
4701
1450
2521
2481
3361
338
1636
190
105
463
261
1536
3311
116
899
719
459
370
840
377
168
190
371
1255
578
678
177
13456
1466
189
513
124
76
231
510
843
272
174
222
151
1294
344
613
85
423
165
549
283
180
79
114
74
211
118
1205
351
97
235
252
288
546
458
407
569
85
722
301
1604
235
133
490
106
391
543
122
476
176
475
335
509
1230
429
2025
404
1391
515
304
917
273
266
282
770
893
1325
487
2527
663
124
423
3407
412
297
1609
67
663
2709
399
169
121
142
3402
626
7723
1528
948
1438
2479
1854
228
517
427
731
1493
2019
1356
310
658
3071
170
229
1685
427
455
412
1172
128
358
288
499
99
573
108
104
953
684
138
373
178
474
185
285
64
557
193
733
321
571
94
173
528
958
881
398
236
339
260
724
241
171
247
105
1159
890
262
739
171
286
291
343
5432
602
126
351
116
173
180
315
426
271
408
200
318
433
1456
2784
3088
908
119
159
389
1135
198
70
58
246
214
3010
425
602
405
183
254
107
278
230
607
456
1065
2312
1308
1063
1383
405
139
172
326
108
207
79
54
1074
893
576
138
1825
447
150
80
185
274
334
222
671
180
271
156
359
606
1808
2047
253
175
69
225
148
160
253
278
162
178
225
403
261
82
130
123
234
313
543
244
1744
805
1201
722
503
251
104
217
945
348
562
343
343
712
346
641
955
644
3570
3136
715
516
374
1078
658
285
2054
370
55
152
93
178
350
263
231
210
301
295
263
194
539
242
83
328
578
273
262
250
2782
449
637
337
94
91
244
194
140
448
1113
124
116
119
285
1146
191
222
1503
154
148
691
73
197
67
596
158
172
177
154
744
871
977
3090
606
1255
229
503
1348
993
383
1747
599
269
232
165
181
791
250
960
150
269
166
83
128
342
369
186
120
147
184
95
604
379
201
866
119
197
187
95
207
263
770
2426
528
324
208
126
265
166
65
346
722
182
773
323
1894
378
378
194
169
198
380
742
271
205
456
107
125
280
260
760
196
523
89
192
129
323
361
72
179
99
479
91
124
209
401
1029
499
177
250
239
653
67
203
83
198
110
151
663
431
447
679
2467
928
102
478
459
579
681
2880
111
472
901
75
208
293
257
220
72
125
120
260
74
365
194
159
200
270
291
145
407
285
763
128
74
401
985
1999
509
716
228
532
176
155
323
119
316
140
178
182
196
365
1220
252
1013
151
178
309
189
107
95
318
72
63
236
174
159
729
207
140
327
233
515
164
68
177
283
60
204
385
735
589
208
654
648
302
69
844
276
453
387
141
1046
733
169
1231
95
104
518
148
415
167
217
133
447
1219
123
317
1477
304
101
196
137
132
167
209
551
386
376
543
1321
816
252
495
720
1585
224
211
378
210
169
110
132
411
85
387
153
247
504
92
227
236
367
98
369
228
1043
382
1000
88
619
600
155
219
164
408
179
182
1932
387
449
697
451
3589
2349
574
176
4062
1883
1014
1454
899
617
770
827
376
