1354
3139
5162
2774
1303
2822
7045
5054
2890
6372
4366
1189
1121
7797
1294
1496
2500
2074
1433
624
6705
1903
873
760
1643
3941
3225
1128
873
588
1455
2308
2388
1568
1168
544
2200
350
1333
1243
2107
662
355
5008
1807
3593
3444
2044
692
2617
2161
475
620
2324
2719
968
214
1924
2493
4432
732
3141
1849
401
1790
207
1777
1633
85
195
358
107
1279
308
269
93
182
140
302
121
201
152
140
122
101
60
124
52
177
165
52
77
150
138
78
72
138
62
112
261
72
150
117
144
246
386
55
86
75
545
490
168
278
83
67
56
70
222
61
137
107
62
196
287
106
159
48
96
128
72
108
96
357
189
146
146
75
160
278
180
248
59
171
129
170
180
54
575
114
211
185
353
601
239
173
218
55
77
116
54
118
267
355
64
193
78
56
168
60
80
53
1058
76
169
121
215
137
48
343
230
79
79
189
57
120
197
183
53
323
150
186
55
64
74
108
55
217
114
100
354
74
49
110
49
96
58
59
115
65
59
58
131
151
148
116
97
153
80
147
152
65
89
215
607
232
458
88
214
165
91
118
360
116
338
74
143
303
161
295
267
48
126
72
79
57
149
136
99
72
154
64
83
51
279
69
114
111
67
99
646
158
112
174
124
240
129
442
69
88
503
1079
200
70
83
94
47
114
176
155
60
50
52
130
74
66
94
249
115
76
51
181
183
74
129
102
104
190
256
142
375
109
69
84
61
445
193
133
94
219
60
55
172
375
159
146
51
102
154
172
103
191
144
75
63
79
59
71
150
117
69
69
84
113
128
57
72
137
85
149
99
70
124
134
95
67
62
109
179
80
102
181
61
299
54
51
398
104
57
144
164
53
55
121
71
114
95
60
540
1074
723
156
342
474
710
229
52
99
74
166
280
664
811
1256
289
76
59
193
71
100
176
106
145
84
350
169
220
149
151
118
125
73
192
95
86
114
58
87
143
148
129
167
117
149
186
54
160
276
541
166
126
91
116
95
86
72
381
113
78
91
309
79
141
122
524
2749
1367
402
657
372
141
145
231
1715
198
124
125
1682
185
80
445
515
298
91
369
511
145
312
322
706
208
181
543
835
81
106
618
377
3380
953
2073
753
1150
336
391
413
54
462
305
851
282
521
342
254
486
1037
728
296
329
533
171
511
440
818
554
487
330
1123
303
135
184
113
115
372
659
115
106
219
66
125
140
140
155
164
1092
55
92
135
156
403
139
106
191
105
134
123
207
77
422
86
49
233
308
237
118
58
49
67
58
215
199
580
208
240
147
69
169
93
82
125
75
321
153
162
177
348
75
815
130
139
147
125
173
102
98
80
106
171
146
50
192
94
80
85
54
125
210
50
74
163
181
173
52
245
77
188
64
119
174
166
616
138
52
132
84
53
72
77
313
235
58
86
112
208
143
174
452
299
158
104
72
83
110
213
107
201
54
90
97
54
194
150
64
78
130
148
110
119
100
46
60
141
66
323
58
276
61
68
150
130
75
79
87
49
145
229
59
225
130
77
61
149
248
99
48
107
57
201
115
136
74
146
147
133
75
174
193
145
123
74
69
75
87
87
303
101
73
75
47
114
139
99
139
58
102
153
133
108
130
76
87
365
225
167
391
144
95
116
139
59
72
123
122
77
131
140
121
101
53
206
200
114
71
125
556
148
132
264
592
139
66
69
145
244
238
103
59
234
268
174
52
189
361
109
100
264
590
123
226
83
89
52
87
70
62
95
98
151
50
235
511
209
169
503
468
328
357
605
122
229
294
309
1065
817
592
905
344
585
392
1873
321
289
245
1804
346
895
151
283
182
1429
661
2574
1760
2599
508
579
364
1165
1808
1678
698
654
866
208
109
78
59
453
389
279
1217
377
221
101
314
125
701
105
350
591
463
689
783
1476
210
261
138
432
839
129
221
188
150
70
284
112
91
54
119
112
225
50
71
61
153
323
80
180
100
180
50
267
469
397
96
115
275
55
129
171
180
104
61
143
110
56
195
126
152
87
101
111
119
140
264
144
247
60
312
71
55
289
120
55
50
116
119
108
282
209
201
53
53
75
68
248
417
189
63
128
61
116
186
131
53
131
140
316
61
70
57
63
87
128
75
74
204
63
130
196
155
93
148
83
82
380
93
73
152
172
89
63
54
55
49
182
126
81
88
106
221
446
186
735
133
65
270
363
204
104
149
193
200
140
575
337
628
351
175
103
137
238
98
182
102
123
74
547
127
82
261
60
260
120
123
171
80
102
140
92
152
203
58
172
73
73
63
235
193
110
52
58
49
302
62
127
91
166
152
77
113
78
150
64
66
63
58
143
83
84
126
131
68
101
231
85
77
47
112
142
119
65
160
91
84
57
107
216
67
178
81
365
82
148
128
94
197
79
140
69
62
59
53
102
114
136
126
152
60
127
59
138
55
131
69
90
102
92
108
322
68
227
133
123
191
65
108
55
348
131
244
336
648
235
274
166
211
2018
114
132
700
158
295
991
288
94
257
527
131
321
1460
516
103
78
180
238
49
63
235
75
180
132
242
464
114
213
65
275
192
76
679
427
468
321
103
85
179
136
138
98
197
204
157
173
76
130
104
98
101
58
177
127
158
292
297
751
3848
492
481
475
218
730
470
178
117
302
335
115
90
86
164
265
260
365
406
261
287
343
280
173
322
1028
1127
136
225
320
361
1071
434
193
486
83
193
747
305
95
114
94
72
100
85
134
69
130
69
412
893
390
619
350
441
1416
282
476
1073
572
338
250
316
212
111
176
162
350
320
418
232
452
96
92
1550
357
144
1263
579
383
132
479
941
826
4784
240
243
301
191
1310
438
611
3067
240
153
255
89
240
105
296
88
55
252
241
152
329
114
895
662
356
1116
571
552
577
90
152
380
724
436
149
376
344
2008
144
623
523
273
284
56
119
259
647
562
221
106
125
151
101
118
154
221
357
116
444
64
106
95
105
84
200
111
107
68
150
52
166
94
138
64
132
122
46
56
76
60
74
155
98
340
82
117
339
57
165
113
119
82
238
132
239
71
599
694
80
310
173
425
142
72
63
62
220
50
142
75
113
156
147
61
110
134
83
122
78
74
121
127
97
104
90
367
247
394
127
177
141
141
504
108
196
245
91
541
125
2020
271
151
311
287
969
646
584
391
211
228
78
143
73
75
90
127
177
381
529
341
297
53
272
311
140
233
85
269
224
209
176
1353
220
158
685
1187
132
304
356
253
77
129
502
130
150
229
73
90
339
240
114
100
504
132
108
50
61
91
268
97
106
150
83
468
388
2250
561
2231
287
188
226
743
381
140
76
62
54
284
83
169
169
85
229
175
161
134
603
677
365
691
98
413
245
247
141
114
221
141
103
62
125
70
160
89
73
286
81
74
82
146
135
394
298
107
66
125
167
92
76
101
92
223
220
463
132
99
425
220
276
194
410
401
1476
286
107
74
196
106
90
124
135
147
60
109
55
102
286
151
55
438
203
199
351
60
73
109
68
98
59
85
117
119
77
133
87
65
52
142
146
171
154
195
331
649
747
291
227
151
268
125
188
110
69
75
180
128
185
134
95
79
153
58
64
130
182
162
206
239
75
83
88
76
297
1029
315
134
195
127
282
155
60
264
74
53
103
66
67
102
184
116
71
143
74
119
91
245
126
323
81
76
153
191
56
79
89
71
64
61
173
87
121
64
172
133
350
379
306
407
381
160
375
287
373
297
214
128
378
448
201
103
270
246
288
1156
1141
1498
183
172
126
585
196
373
219
265
2355
553
893
289
209
200
170
403
207
281
364
228
102
89
508
238
216
344
648
753
2276
142
324
603
461
3314
152
1409
777
360
101
178
216
189
151
208
157
1208
138
272
351
1391
229
93
643
128
482
172
326
308
50
353
401
644
332
849
79
169
135
89
87
114
229
52
260
65
144
244
213
93
102
579
442
155
115
844
332
370
87
161
150
562
464
295
184
206
1163
101
283
104
152
95
99
98
110
181
87
501
79
62
78
59
77
161
72
579
155
364
108
283
143
126
249
395
71
82
61
78
85
167
151
87
85
65
59
94
142
92
64
240
133
50
98
103
101
89
160
90
142
103
48
68
203
99
88
141
114
273
168
271
64
119
68
158
84
100
202
386
111
249
72
84
150
199
229
595
88
92
130
84
92
94
215
86
195
530
75
162
129
191
268
178
234
131
205
58
337
156
332
142
166
96
265
117
448
111
291
100
66
106
128
47
276
61
76
187
82
192
112
205
101
136
114
131
180
118
691
132
265
481
522
224
146
63
97
112
180
63
109
171
136
94
116
93
131
125
286
109
291
81
136
867
395
291
60
303
322
329
296
99
128
128
138
83
160
286
52
73
108
86
140
65
55
113
184
65
140
163
187
89
59
87
87
130
124
86
192
853
327
103
56
98
71
111
114
86
102
64
56
256
92
205
181
102
90
57
82
78
87
113
85
195
105
86
112
175
59
162
126
88
69
111
64
72
227
71
77
347
79
107
47
47
125
53
172
397
335
183
54
179
143
177
46
135
51
271
180
94
458
74
103
170
92
97
142
61
68
51
181
73
120
78
104
138
95
65
103
104
184
281
698
137
407
229
73
139
157
216
95
97
72
46
61
256
145
78
283
54
180
58
306
166
229
128
111
318
84
177
337
221
64
169
160
492
261
250
220
91
148
109
52
181
664
152
95
114
99
262
68
212
71
245
322
51
277
129
677
316
294
55
88
83
122
903
877
276
237
81
314
249
389
68
216
83
84
68
70
66
107
374
231
200
166
192
292
55
52
76
70
325
176
209
246
136
96
123
244
86
80
115
343
180
123
83
495
112
363
252
230
1918
170
122
335
1120
79
82
149
210
267
788
397
446
357
294
133
57
155
87
517
530
824
308
178
311
180
73
201
140
421
250
361
272
322
464
74
222
192
502
52
331
6800
1104
318
179
179
568
1161
234
296
145
424
220
267
326
149
541
280
471
137
309
99
172
654
117
327
334
194
396
331
421
131
154
115
420
212
150
181
147
541
85
391
297
1059
530
347
107
114
1548
375
56
59
277
67
616
751
1512
555
972
131
69
88
68
82
286
1143
323
108
214
977
287
1049
176
96
297
198
197
49
244
618
173
235
220
305
300
275
1263
818
613
477
379
383
232
149
116
255
102
83
164
237
180
289
488
268
371
264
542
339
78
85
343
206
766
349
259
60
136
220
83
205
194
109
202
450
278
61
61
85
210
126
218
109
96
124
160
79
97
109
182
147
74
750
264
207
370
646
185
561
74
52
283
52
49
169
109
132
62
192
87
79
160
162
95
219
166
99
139
75
94
484
62
64
60
367
116
115
87
142
59
177
83
69
56
291
179
76
49
118
64
65
125
53
61
91
137
55
300
145
149
538
274
139
59
84
52
94
235
241
68
212
62
92
279
102
57
118
63
135
75
85
224
144
126
47
341
110
55
55
80
81
407
131
55
71
109
48
329
142
174
270
135
53
117
70
141
97
121
56
63
73
80
69
180
102
316
143
222
129
106
101
123
221
52
91
344
49
147
262
95
55
124
302
143
105
212
90
64
85
57
246
141
90
259
864
573
194
199
95
137
259
49
101
170
198
75
172
115
198
105
170
57
99
107
79
304
61
405
133
64
93
54
48
138
76
52
65
234
59
82
202
105
550
81
79
247
162
167
55
388
430
105
70
773
395
211
168
293
575
540
301
1666
322
75
113
500
501
553
160
68
129
77
151
51
72
137
247
385
253
307
114
336
106
87
423
519
188
435
221
1049
3047
956
271
219
169
111
167
475
86
174
71
122
74
269
76
107
263
71
129
106
262
220
166
2821
1130
100
259
168
100
80
182
310
344
290
174
99
446
517
1226
244
219
194
192
156
182
83
113
68
92
101
209
97
161
93
88
146
63
136
152
62
118
283
281
369
221
101
94
76
144
180
70
67
70
75
160
126
179
110
194
126
403
140
83
62
88
53
75
86
177
140
103
93
58
157
74
107
84
89
64
76
155
118
71
114
218
72
435
71
59
890
85
111
55
142
104
48
340
102
69
92
197
56
60
97
73
169
60
82
169
54
100
81
66
119
346
80
155
158
318
103
208
179
585
414
466
561
224
677
223
411
58
101
179
289
247
107
261
231
1223
195
255
175
105
317
192
433
814
249
176
170
221
1881
514
942
80
385
361
182
513
554
211
221
168
351
469
349
722
878
389
7425
1063
604
372
228
257
442
156
244
460
409
511
182
327
358
313
307
461
223
274
248
300
900
374
828
845
90
68
268
264
919
127
1012
377
1442
69
59
97
95
134
153
70
188
72
480
156
1963
410
1128
993
887
1865
630
68
250
106
142
127
53
206
203
81
1857
230
171
193
320
287
344
83
57
289
172
57
99
58
87
157
102
378
79
170
261
140
123
106
62
130
159
125
162
63
60
186
133
60
195
98
82
95
180
228
165
63
97
85
112
275
218
65
64
100
117
73
214
588
68
554
358
136
158
97
152
214
69
226
109
277
181
405
235
307
328
188
657
344
84
296
143
130
113
266
138
265
63
180
211
295
63
180
68
103
82
84
75
336
145
87
130
63
204
138
73
120
355
72
74
229
113
229
114
158
137
174
79
762
531
62
103
52
139
109
72
82
177
78
74
60
155
79
78
160
59
92
48
70
60
108
75
648
310
78
142
52
155
273
824
147
219
255
313
411
254
451
141
62
56
223
58
142
172
137
73
117
244
49
166
156
84
309
55
120
510
133
56
52
109
117
60
1110
159
329
66
68
205
303
147
2512
384
393
139
563
690
424
198
103
201
109
362
298
484
1112
114
82
377
138
107
64
79
85
73
157
290
650
249
826
857
316
208
1440
440
352
209
278
259
479
837
278
294
4824
304
199
158
171
201
92
260
113
126
531
207
101
115
151
667
297
137
121
364
390
85
185
296
77
164
636
1500
983
259
303
129
265
561
186
1120
68
105
190
81
111
48
85
81
98
57
175
295
491
522
124
79
57
62
174
74
57
69
66
90
83
186
264
55
165
88
68
106
246
54
264
85
127
154
261
52
151
184
71
59
129
86
102
93
269
99
105
77
70
367
131
792
59
351
298
407
66
187
337
64
81
234
166
82
123
243
71
205
149
108
68
133
365
409
102
156
1039
228
912
283
856
343
915
243
145
80
137
134
1242
378
331
215
235
117
189
182
133
68
392
131
332
203
86
189
57
136
205
163
107
184
146
75
59
54
215
175
146
125
160
105
136
54
77
78
50
133
68
84
143
51
240
67
67
99
56
146
48
92
95
72
245
62
60
57
81
170
116
383
106
271
335
239
580
409
718
193
90
338
148
201
176
82
112
48
68
256
133
266
79
143
309
92
51
112
72
106
128
121
66
65
55
173
487
90
210
2072
747
461
213
52
163
102
149
440
341
1090
210
686
679
55
90
256
64
90
197
149
128
198
253
85
281
392
310
897
274
188
361
277
1449
504
1011
350
271
2727
1019
1021
213
186
104
565
302
1535
163
406
191
798
567
245
131
119
147
153
1152
530
455
453
246
586
155
245
575
505
653
171
941
288
80
78
158
145
530
262
196
52
62
144
83
120
67
138
138
256
251
79
331
97
121
265
220
350
953
851
251
440
614
605
170
239
109
49
93
176
203
471
866
73
222
176
141
251
192
85
78
174
268
65
222
49
155
140
64
62
77
54
231
77
124
150
198
70
204
150
196
108
121
146
91
177
97
134
66
119
160
253
169
127
213
180
78
73
101
161
123
193
148
70
262
55
133
568
124
281
87
130
53
94
134
76
158
63
67
192
88
127
273
130
73
279
51
101
283
61
50
87
71
284
53
54
112
115
62
211
514
161
234
544
105
66
135
183
52
315
69
150
130
145
55
170
61
107
168
71
221
177
186
260
287
166
117
137
48
73
144
50
57
300
138
70
170
60
337
54
116
68
66
115
143
179
136
109
59
196
286
134
105
115
240
70
77
170
126
62
139
335
73
89
60
66
82
89
113
108
247
64
72
168
61
71
88
72
58
120
67
51
97
83
82
88
359
55
299
290
89
195
705
320
54
208
97
123
188
144
203
65
175
61
61
134
102
127
68
84
158
312
183
100
74
243
151
95
103
101
68
68
378
101
256
291
72
140
129
