0.0
-0.23
-0.17
-0.23
-0.29
-0.94
-0.92
-0.47
-0.97
-0.01
-0.17
-0.03
-0.12
-0.37
-0.01
-0.01
-0.34
0.0
-0.14
-0.26
-0.29
0.0
0.0
-0.01
-0.02
0.0
-0.88
-0.27
-0.45
0.0
0.0
-0.01
-0.01
0.0
-0.03
-0.09
-0.12
0.0
-0.98
-0.02
-0.28
-0.01
-0.02
-0.97
0.0
-0.02
-0.03
-0.01
0.0
0.0
0.0
0.0
-0.11
0.0
-0.15
-0.02
-0.24
-0.92
-0.75
-0.32
-0.18
-0.01
0.0
0.0
-0.01
0.0
0.0
-0.01
0.0
0.0
0.0
-0.03
-0.01
-0.03
-0.03
0.0
-0.01
-0.18
-0.07
0.0
0.0
-0.01
0.0
-0.77
0.0
0.0
0.0
-0.02
0.0
-0.01
0.0
0.0
0.0
-0.02
0.0
-0.91
-0.03
-0.72
-0.91
0.0
-0.01
-0.01
-0.25
-0.01
0.0
-0.17
0.0
-0.03
0.0
-0.01
-0.47
-0.02
-0.02
-0.03
-0.76
0.0
-0.02
0.0
-0.26
0.0
-0.01
-0.06
0.0
-0.01
0.0
0.0
-0.01
-0.87
-0.45
-0.01
-0.3
-0.87
-0.01
-0.02
-0.01
-0.49
-0.03
-0.01
-0.02
-0.76
0.0
0.0
-0.97
0.0
0.0
-0.7
-0.05
-0.92
-0.01
0.0
0.0
-0.01
0.0
-0.02
-0.69
-0.02
-0.01
0.0
0.0
0.0
0.0
-0.69
-0.16
-0.46
-0.23
-0.17
-0.33
-0.23
-0.06
-0.04
-0.14
-0.19
0.0
-0.01
-0.05
0.0
-0.21
-0.25
-0.17
-0.15
-0.23
-0.05
-0.98
-0.02
-0.77
-0.89
-0.51
-0.98
-0.51
-0.16
-0.01
-0.01
-0.88
-0.96
-0.01
-0.02
-0.3
-0.01
-0.09
-1.0
0.0
-0.12
-0.69
-0.57
-0.04
-0.03
-0.61
-0.09
-0.13
-0.42
-0.64
-0.01
-0.24
-0.5
-0.02
-0.77
-0.62
-0.02
-0.29
-0.43
-0.47
-0.02
-0.16
-0.01
-0.04
-0.01
-0.13
0.01
-0.86
-0.43
0.0
-0.66
-0.01
-0.67
-0.23
-0.03
-0.02
-0.9
-0.02
-0.01
-0.03
-0.01
-0.04
-0.01
-0.56
-0.02
-0.02
0.0
-0.02
-0.03
-0.01
-0.03
-0.71
-0.01
-0.05
-0.94
-0.84
0.0
-0.01
-0.01
0.0
0.0
-0.21
0.0
0.0
-0.02
-0.05
-0.05
0.0
0.0
0.0
-0.03
-0.28
0.0
0.0
-0.01
-0.02
-0.03
-0.98
-0.6
-0.02
-0.02
-0.25
0.0
0.0
-0.96
-0.01
-0.49
-0.01
-0.01
0.0
-0.04
-0.02
0.0
-0.02
-0.03
0.0
0.0
-0.13
-0.02
-0.01
-0.02
0.0
0.0
0.0
-0.02
-0.21
-0.02
-0.49
-0.74
-0.01
0.0
-0.38
-0.03
-0.96
-0.96
-0.96
-0.01
-0.63
-0.96
-0.01
-0.99
-0.61
-0.01
-0.01
-0.58
-0.01
-0.03
-0.01
0.0
-0.03
-0.35
-0.04
-0.02
-0.03
0.0
0.0
-0.01
-0.69
0.0
-0.02
-0.03
-0.01
-0.01
0.0
-0.01
-0.04
0.0
-0.03
-0.56
-0.99
0.0
-0.01
-0.02
-0.02
-0.12
-0.51
0.0
-0.16
-0.01
-0.01
-0.61
-0.01
-0.01
-0.27
-0.51
-0.01
-0.03
-0.24
-0.01
-0.07
-0.02
0.0
0.0
-0.04
-0.98
-0.01
-0.01
-0.97
-0.02
-0.98
-0.01
-0.55
-0.01
0.0
0.0
0.0
-0.02
0.0
-0.67
-0.01
0.0
-0.01
-0.01
-0.01
-0.01
-0.01
0.0
-0.01
0.0
0.0
0.0
0.0
0.0
0.0
-0.02
-0.01
-0.02
0.0
0.0
0.0
0.0
0.0
0.0
-0.01
-0.3
-0.03
-0.01
-0.96
-0.01
0.0
0.0
0.0
-0.21
-0.01
0.0
-0.01
-0.01
-0.03
-0.02
0.0
0.0
0.0
0.0
0.0
-0.05
-0.01
-0.01
0.0
-0.35
0.0
-0.83
-0.03
-0.02
-0.82
-0.03
-0.63
0.0
-0.01
-0.02
-0.73
0.0
-0.01
-0.04
0.0
0.0
0.0
-0.62
0.0
0.0
-0.02
-0.02
0.0
-0.03
-0.85
-0.02
0.0
-0.01
-0.02
-0.07
-0.31
-0.11
-0.42
-0.01
-0.02
-0.32
-0.02
-0.96
0.0
-0.01
-0.92
0.0
-0.01
-0.6
-0.01
-0.93
0.0
0.0
0.0
-0.02
-0.01
0.0
0.0
-0.02
0.0
-0.01
0.0
-0.41
0.0
0.0
0.0
-0.34
-0.88
-0.42
-0.01
0.0
-0.02
-0.93
-0.01
-0.01
-0.01
-0.01
-0.02
0.0
-0.83
0.0
0.0
0.0
0.0
-0.03
0.0
-0.02
0.0
0.0
-0.02
0.0
0.0
-0.01
0.0
0.0
-0.01
-0.01
-0.16
-0.01
-0.95
-0.02
-0.03
-0.9
-0.01
0.0
-0.01
-0.02
-0.01
0.0
-0.01
-0.92
-0.01
-0.53
-0.03
0.0
-0.01
-0.08
-0.02
-0.04
0.0
-0.03
-0.02
-0.02
0.0
0.0
0.0
0.0
0.0
0.0
0.0
0.0
0.0
-0.02
0.0
-0.75
-0.73
-0.01
0.0
-0.01
0.0
0.0
-0.09
-0.99
0.0
-0.01
-0.02
-0.02
-0.01
0.0
-0.37
-0.03
-0.01
-0.02
-1.0
-0.01
-0.28
0.0
-0.01
-0.01
-0.01
0.0
-0.02
-0.01
-0.01
-0.01
0.0
0.0
0.0
-0.02
-0.02
-0.52
-0.35
-0.58
-0.01
-0.02
0.0
-0.02
-0.01
-0.38
0.0
0.0
0.0
0.0
-0.31
0.0
-0.02
0.0
-0.18
0.0
-0.63
-0.01
0.0
0.0
0.0
-0.09
0.0
0.0
0.0
-0.02
0.0
-0.01
-0.69
0.0
0.0
-0.01
-0.01
-0.12
-0.01
-0.05
0.0
-0.01
0.0
0.0
-0.01
-0.15
-0.34
0.0
-0.01
0.0
0.0
0.0
0.0
0.0
0.0
0.0
-0.94
-0.01
0.0
-0.02
-0.01
-0.02
-0.6
0.0
-0.01
-0.42
-0.01
0.0
0.0
0.0
0.0
-0.01
-0.04
0.0
0.0
0.0
-0.02
0.0
0.0
-0.01
-0.96
-0.91
-0.14
0.0
-0.01
0.0
0.0
-0.01
0.0
0.0
0.0
0.0
0.0
-0.01
0.0
0.0
0.0
0.0
0.0
0.0
0.0
0.0
0.0
-0.04
-0.01
-0.03
-0.03
0.0
-0.02
0.0
-0.03
-0.02
-0.98
-0.03
-0.03
-0.54
0.0
0.0
-0.02
-0.01
-0.01
0.0
-0.01
-0.54
-0.01
-0.96
-0.94
-0.85
-0.01
-0.95
-0.01
-0.02
0.0
-0.04
0.0
0.0
0.0
-0.02
-0.87
-0.01
-0.14
-0.97
0.0
0.0
-0.01
0.0
0.0
-0.02
0.0
-0.01
0.0
0.0
-0.01
-0.01
-0.02
-0.45
-0.01
-0.01
-0.71
-0.01
-0.57
0.0
0.0
0.0
-0.01
0.0
0.0
-0.01
-0.02
-0.15
0.0
-0.01
0.0
-0.02
-0.02
-0.2
-0.01
-0.93
-0.01
0.0
-0.01
-0.25
-0.36
0.0
-0.01
0.0
-0.09
-0.01
-0.01
0.0
-0.01
-0.94
-0.01
-0.5
-0.03
-0.98
-0.04
0.0
-0.03
-0.01
-0.7
-0.03
-0.02
-0.03
-0.28
-0.01
-0.01
0.0
-0.61
-0.02
-0.02
-0.34
-0.02
-0.03
-0.02
0.0
-0.62
0.0
-0.02
-0.03
-0.01
0.0
-0.01
-0.02
0.0
-0.93
0.0
-0.01
-0.02
0.0
-0.01
-0.01
-0.01
-0.04
-0.01
-0.61
-0.01
-0.03
0.0
-0.01
-0.6
-0.44
-0.01
0.0
0.0
0.0
-0.02
0.0
0.0
-0.03
0.0
0.0
0.0
-0.01
0.0
-0.01
-0.79
0.0
-0.01
-0.4
-0.01
-0.02
-0.08
0.0
-0.52
-0.01
-0.87
-0.96
0.0
-0.01
-0.98
-0.36
-0.01
-0.97
0.0
-0.01
-0.01
0.0
-0.29
-0.01
-0.01
0.0
-0.01
-0.02
-0.03
-0.02
-0.99
-0.01
-0.44
-0.01
-0.01
0.0
-0.17
-0.81
-0.01
-0.93
0.0
-0.93
0.0
-0.22
-0.69
-0.01
0.0
-0.21
-0.01
0.0
0.0
-0.01
0.0
-0.01
-0.03
0.0
-0.03
-0.74
0.0
-0.27
0.0
0.0
0.0
0.0
0.0
0.0
0.0
0.0
-0.01
0.0
0.0
-0.01
-0.57
0.0
-0.01
-0.2
0.0
-0.01
0.0
-0.06
-0.01
0.0
-0.08
-0.01
-0.34
-0.14
-0.04
0.0
0.0
-0.01
0.0
0.0
-0.43
0.0
0.0
-0.01
0.0
-0.47
-0.05
0.0
0.0
0.0
-0.04
0.0
-0.01
0.0
-0.01
-0.02
-0.01
-0.64
0.0
-0.01
-0.02
0.0
-0.03
-0.02
-0.02
-0.02
-0.01
-0.02
-0.03
-0.03
-0.01
0.0
-0.01
-0.95
-0.38
-0.01
0.0
-0.64
-0.33
-0.24
-0.03
-0.01
-0.02
-0.01
-0.03
-0.83
0.0
-0.04
-0.02
0.0
-0.02
-0.68
-0.01
0.0
-0.98
-0.03
0.0
0.0
0.0
0.0
0.0
0.0
-0.01
-0.04
-0.02
-0.99
-0.04
-0.06
0.0
0.0
0.0
0.0
-0.03
-0.04
0.0
0.0
0.0
-0.01
-0.04
0.0
0.0
0.0
-0.01
0.0
-0.3
-0.01
-0.02
0.0
-0.01
-0.27
-0.02
-0.01
-0.77
0.0
0.0
-0.01
0.0
0.0
-0.01
0.0
-0.01
-0.01
-0.02
0.0
0.0
0.0
0.0
-0.03
0.0
-0.03
-0.01
-0.02
-0.01
-0.81
-0.01
-0.03
-0.03
-0.16
-0.99
-0.47
-0.03
-0.91
-0.01
-0.03
-0.01
-0.87
-0.03
-0.01
0.0
0.0
-0.01
-0.97
-0.02
-0.02
-0.01
-0.56
-0.01
-0.79
-0.02
0.0
0.0
-0.02
-0.53
-0.72
-0.52
-0.01
-0.03
-0.01
-0.96
-0.01
-0.16
-0.06
-0.01
0.0
-0.01
0.0
-0.32
0.0
-0.01
-0.02
0.0
0.0
-0.92
-0.59
-0.04
0.0
-0.59
-0.02
-0.03
-0.07
-0.14
-0.01
-0.01
-0.02
-0.24
-0.01
-0.92
-0.31
-0.02
-0.01
-0.02
-0.65
-0.02
-0.03
-0.87
-0.01
-0.1
0.0
-0.01
-0.02
0.0
-0.92
-0.34
-0.05
-0.01
0.0
0.0
0.0
-0.01
0.0
0.0
0.0
-0.01
-0.48
-0.01
-0.02
-0.01
0.0
-0.13
0.0
0.0
-0.81
0.0
0.0
0.0
-0.03
-0.98
-0.27
0.0
-0.01
-0.01
-0.65
0.0
-0.01
-0.3
0.0
0.0
0.0
-0.03
-0.01
0.0
-0.03
0.0
-0.01
-0.03
-0.01
0.0
0.0
0.0
0.0
0.0
-0.01
-0.47
-0.01
0.0
-0.26
0.0
0.0
0.0
0.0
0.0
0.0
-0.01
-0.03
-0.27
-0.02
0.0
-0.01
0.0
-0.02
0.0
-0.01
-0.01
-0.01
-0.01
-0.83
0.0
-0.01
0.0
-0.02
-0.01
0.0
0.0
-0.01
-0.01
-0.01
-0.49
-0.01
-0.24
-0.01
-0.01
-0.01
0.0
0.0
0.0
0.0
-0.02
-0.04
-0.94
-0.21
-0.12
-0.54
0.0
0.0
0.0
-0.02
-0.02
-0.01
-0.01
-0.02
-1.0
0.0
0.0
0.0
-0.01
0.0
-0.01
-0.62
-0.01
-0.05
-0.01
-0.02
-0.04
-0.01
-0.01
-0.12
-0.18
0.0
0.0
0.0
-0.01
-0.01
-0.74
0.0
0.0
-0.28
-0.01
-0.01
-0.04
0.0
-0.43
0.0
-0.94
-0.01
-0.5
0.0
0.0
-0.74
0.0
-0.29
-0.01
0.0
-0.36
0.0
-0.02
-0.85
-0.01
-0.74
-0.01
0.0
0.0
-0.19
-0.03
-0.01
-0.95
-0.02
-0.26
-0.03
-0.01
-0.92
-0.95
-0.02
-0.96
0.0
-0.02
-0.01
-0.02
-0.05
0.0
-0.02
0.0
-0.02
-0.97
-0.1
-0.01
-0.35
-0.02
0.0
0.0
-0.01
-0.99
-0.32
0.0
0.0
0.0
0.0
-0.02
0.0
0.0
0.0
-0.79
-0.26
0.0
0.0
-0.01
-0.02
0.0
-0.01
-0.71
0.0
-0.02
-0.03
-0.12
-0.01
0.0
0.0
0.0
0.0
0.0
0.0
0.0
-0.03
-0.67
0.0
-0.03
-0.01
-0.91
-0.37
0.0
-0.56
-0.02
-0.84
-0.8
-0.73
-0.13
-0.53
0.0
-0.15
-0.9
-0.24
0.0
0.0
-0.67
-0.01
-0.02
-0.77
-0.97
-0.79
0.0
0.0
-0.01
0.0
0.0
0.0
-0.01
-0.39
-0.01
-0.03
-0.05
0.0
0.0
0.0
-0.95
-0.1
0.0
-0.01
0.0
-0.02
-0.35
-0.03
-0.58
-0.63
-0.27
-0.03
-0.02
0.0
0.0
0.0
-0.01
-0.02
-0.99
0.0
-0.03
-0.01
-0.02
0.0
-0.02
-0.01
-0.02
-0.23
-0.46
-0.23
-0.02
-0.14
-0.02
-0.26
-0.01
-0.01
-0.02
-0.76
0.0
-0.01
-0.44
-0.01
-0.01
0.0
0.0
0.0
0.0
-0.01
-0.02
-0.02
0.0
-0.01
-0.01
0.0
-0.01
-0.01
-0.88
-0.67
-0.28
0.0
-0.02
-0.01
-0.43
-0.87
-0.67
-0.65
-0.01
-0.02
-0.96
0.0
-0.02
-0.01
-0.03
-0.95
-0.01
-0.01
0.0
0.0
0.0
0.0
0.0
0.0
-0.03
-0.01
-0.01
-0.03
-0.05
-0.02
0.0
0.0
0.0
0.0
0.0
-0.01
0.0
-0.03
-0.61
0.0
-0.01
0.0
-0.33
-0.65
-0.04
0.0
0.0
0.0
-0.09
-0.03
-0.02
-0.69
0.0
-0.01
-0.02
-0.03
-0.03
-0.78
-0.01
0.0
-0.01
0.0
0.0
-0.01
-0.05
-0.29
0.0
-0.04
-0.2
-0.02
0.0
0.0
-0.02
0.0
-0.29
0.0
-0.01
-0.77
-0.41
0.0
0.0
-0.01
0.0
-0.01
-0.55
0.0
-0.01
-0.64
-0.55
0.0
0.0
0.0
0.0
-0.02
-0.01
0.0
0.0
0.0
0.0
-0.94
0.0
-0.28
-0.01
-0.01
-0.01
-0.9
0.0
-0.94
-0.03
-0.97
-0.02
-0.02
0.0
0.0
-0.02
-0.01
-0.89
-0.52
-0.01
-0.01
-0.95
-0.81
-0.01
0.0
-0.03
-0.03
-0.04
-0.68
-0.01
-0.41
0.0
0.0
0.0
0.0
0.0
0.0
0.0
0.0
0.0
0.0
0.0
-0.03
-0.33
0.0
0.0
0.0
-0.01
0.0
0.0
0.0
0.0
-0.56
-0.01
-0.01
-0.02
0.0
-0.02
0.0
-0.01
0.0
0.0
0.0
0.0
-0.01
-0.28
0.0
0.0
0.0
0.0
0.0
0.0
-0.01
-0.87
0.0
-0.01
0.0
-0.02
0.0
-0.01
0.0
0.0
0.0
0.0
0.0
0.0
-0.01
0.0
-0.01
-0.55
-0.02
0.0
0.0
0.0
0.0
0.0
-0.01
-0.01
-0.01
0.0
0.0
0.0
-0.02
-0.01
0.0
0.0
0.0
0.0
0.0
0.0
0.0
0.0
0.0
-0.02
0.0
0.0
0.0
-0.11
0.0
-0.17
0.0
-0.01
0.0
-0.02
-0.79
0.0
0.0
0.0
-0.02
-0.96
0.0
-0.04
-0.38
0.0
0.0
0.0
0.0
0.0
0.0
0.0
-0.08
-0.01
-0.04
-0.02
0.0
0.0
0.0
0.0
-0.06
0.0
0.0
0.0
0.0
0.0
0.0
0.0
0.0
-0.03
0.0
0.0
0.0
0.0
0.0
-0.55
0.0
-0.02
-0.79
-0.03
0.0
-0.03
-0.12
0.0
0.0
0.0
0.0
0.0
0.0
0.0
0.0
0.0
-0.3
0.0
-0.01
-0.86
0.0
-0.03
0.0
0.0
-0.02
0.0
0.0
0.0
-0.01
-0.01
0.0
0.0
-0.94
0.0
0.0
0.0
0.0
0.0
-0.04
0.0
-0.02
-0.02
-0.97
-0.01
-0.4
-0.94
-0.01
-0.01
-0.82
0.0
-0.1
-0.01
-0.18
-0.93
-0.02
-0.02
-0.17
-0.95
-0.5
0.0
0.0
0.0
-0.01
-0.01
0.0
0.0
0.0
-0.01
-0.08
-0.92
-0.03
-0.94
-0.98
0.0
0.0
0.0
0.0
0.0
0.0
-0.01
-0.01
-0.01
0.0
-0.01
-0.01
0.0
-0.29
0.0
0.0
-0.17
-0.85
-0.04
-0.02
0.0
-0.96
-0.03
-0.07
-0.01
0.0
-0.75
-0.14
-0.03
-0.94
0.0
0.0
0.0
0.0
0.0
-0.72
0.0
0.0
0.0
0.0
0.0
-0.01
0.0
-0.99
-0.88
-0.59
-0.05
-0.97
0.0
0.0
-0.02
-0.01
0.0
-0.01
0.0
-0.1
0.0
0.0
-0.01
0.0
-0.02
-0.01
0.0
-0.03
-0.06
-0.01
0.0
-0.24
-0.01
0.0
0.0
-0.01
-0.03
-0.5
-0.59
-0.93
-0.02
-0.04
-0.01
0.0
0.0
-0.11
0.0
-0.01
0.0
0.0
0.0
0.0
0.0
-0.41
0.0
-0.01
0.0
-0.55
0.0
0.0
0.0
0.0
0.0
0.0
-0.01
-0.01
0.0
-0.02
-0.01
0.0
-0.01
-0.01
-0.03
-0.97
-0.5
0.0
0.0
0.0
0.0
-0.01
0.0
0.0
0.0
0.0
0.0
-0.01
-0.94
0.0
-0.03
-0.01
0.0
0.0
0.0
-0.01
0.0
-0.01
0.0
-0.01
-0.73
0.0
0.0
-0.01
-0.8
-0.01
-0.55
0.0
-0.01
-0.33
0.0
-0.03
-0.95
-0.01
-0.82
0.0
-0.02
-0.02
0.0
-0.95
-0.95
-0.02
-0.96
-0.96
-0.35
-0.02
-0.22
-0.94
-0.03
0.0
-0.08
0.0
-0.18
-0.03
-0.03
-0.96
-0.01
-0.19
-0.04
-0.03
-0.39
-0.03
-0.67
-0.96
-0.02
-0.6
-0.29
-0.58
-0.95
-0.01
-0.03
-0.45
0.0
0.0
-0.93
-0.01
-0.98
-0.03
-0.3
0.0
0.0
-0.23
0.0
0.0
0.0
-0.06
-0.36
-0.01
-0.01
0.0
0.0
0.0
0.0
0.0
0.0
-0.01
-0.01
-0.04
-0.02
-0.35
-0.13
-0.01
0.0
0.0
0.0
0.0
0.0
0.0
0.0
-0.14
0.0
0.0
-0.01
-0.01
0.0
-0.02
0.0
-0.03
-0.02
-0.01
-0.52
0.0
0.0
-0.01
-0.05
0.0
0.0
0.0
-0.01
-0.01
-0.01
0.0
-0.04
-0.01
-0.02
-0.05
-0.53
0.0
0.0
-0.01
-0.56
-0.74
-0.02
-0.01
0.0
0.0
0.0
0.0
-0.04
-0.19
-0.01
-0.92
-0.32
-1.0
-0.24
-0.03
0.0
-0.9
-0.01
-0.94
0.0
-0.01
-0.01
-0.84
-0.04
-0.01
0.0
-0.06
-0.04
-0.97
-0.01
-0.97
-0.9
-0.98
0.0
-0.11
-0.22
-0.02
-0.02
-0.01
-0.01
-0.01
-0.03
-0.01
-0.04
-0.01
-0.03
-0.38
0.0
0.0
-0.92
0.0
-0.15
-0.39
0.0
0.0
0.0
-0.01
-0.25
0.0
-0.59
0.0
-0.01
0.0
-0.02
0.0
-0.01
0.0
-0.03
-0.97
-0.02
0.0
-0.03
-0.02
-0.03
-0.01
-0.25
0.0
0.0
0.0
-0.01
-0.05
-0.72
-0.01
-0.87
0.0
-0.01
0.0
-0.02
0.0
0.0
0.0
-0.02
-0.02
-0.01
-0.21
0.0
-0.01
-0.03
0.0
-0.03
-0.94
-0.1
-0.02
-0.43
0.0
-0.06
0.0
-0.6
-0.2
-0.47
0.0
-0.21
-0.23
0.0
0.0
-0.01
-0.06
-0.01
-0.43
-0.01
-0.39
0.0
-0.04
-0.86
-0.87
-0.02
-0.24
-0.01
-0.02
-0.02
-0.02
-0.81
0.0
-0.28
-0.01
-0.01
0.0
-0.02
-0.16
-0.02
0.0
0.0
-0.01
0.0
-0.02
0.0
-0.02
0.0
-0.53
0.0
-0.49
0.0
0.0
0.0
-0.95
-0.02
0.0
0.0
-0.12
-0.39
-0.81
0.0
-0.01
-0.14
0.0
0.0
0.0
-0.46
0.0
0.0
0.0
0.0
0.0
0.0
-0.01
-0.3
0.0
-0.01
-0.01
0.0
-0.02
0.0
0.0
-0.03
-0.01
-0.01
-0.02
0.0
-0.03
-0.02
-0.02
-0.54
-0.48
0.0
0.0
0.0
0.0
0.0
-0.03
-0.04
-0.83
-0.44
0.0
-0.98
-0.01
-0.01
-0.91
-0.95
0.0
-0.01
0.0
0.0
0.0
-0.03
-0.93
0.0
-0.01
-0.02
0.0
0.0
-0.02
-0.01
-0.01
-0.27
-0.15
0.0
-0.01
-0.18
0.0
0.0
0.0
-0.05
0.0
0.0
0.0
-0.01
-0.26
-0.02
-0.97
-0.13
-0.01
0.0
0.0
-0.29
0.0
-0.01
-0.3
-0.02
-0.01
-0.01
-0.16
-0.99
-0.01
-0.94
-0.01
0.0
0.0
0.0
0.0
-0.01
0.0
-0.01
-0.01
-0.23
-0.02
-0.02
-0.01
0.0
-0.01
0.0
-0.01
0.0
-0.33
-0.02
-0.01
-0.02
0.0
0.0
-0.01
-0.03
-0.93
-0.02
-0.51
-0.05
-0.02
-0.01
-0.87
-0.86
0.0
-0.03
0.0
-0.01
-0.02
0.0
-0.04
-0.01
-0.97
-0.45
0.0
-0.9
0.0
0.0
0.0
-0.01
-0.34
0.0
0.0
-0.03
-0.01
-0.01
-0.35
0.0
-0.01
0.0
-0.01
0.0
0.0
-0.01
-0.02
-0.96
-0.01
0.0
0.0
-0.85
-0.11
0.0
-0.01
-0.01
0.0
0.0
-0.55
-0.16
0.0
-0.01
-0.01
-0.02
-0.44
-0.49
-0.05
-0.87
-0.01
-0.51
-0.01
0.0
-0.01
-0.26
-0.01
-0.01
0.0
-0.01
0.0
-0.02
-0.98
-0.09
-0.02
-0.03
-0.01
-0.01
-0.02
-0.49
-0.04
-0.04
0.0
-0.01
0.0
0.0
-0.03
0.0
-0.14
0.0
-0.01
0.0
-0.01
0.0
-0.01
-0.13
-0.01
-0.39
-0.35
0.0
-0.99
0.0
0.0
-0.01
0.0
0.0
-0.02
0.0
-0.01
-0.01
-0.97
-0.5
0.0
0.0
-0.01
-0.03
-0.01
-0.84
-0.01
-0.03
0.0
0.0
-0.02
-0.01
0.0
-0.96
0.0
-0.02
-0.21
0.0
-0.04
0.0
-0.56
-0.05
0.0
-0.21
-0.93
0.1
-0.47
-0.01
-0.01
-0.53
-0.73
-0.05
-0.01
0.0
-0.08
0.0
-0.02
0.0
0.0
-0.65
0.0
0.0
0.0
0.0
0.0
-0.35
0.0
0.0
-0.02
-0.04
0.0
-0.01
-0.01
-0.97
0.0
-0.18
-0.08
0.0
-0.02
0.0
0.0
0.0
0.0
0.0
0.0
-0.01
-0.02
0.0
0.0
0.0
0.0
0.0
0.0
0.0
0.0
-0.91
0.0
0.0
-0.04
0.0
0.0
-0.02
0.0
-0.04
-0.01
-0.77
-0.03
-0.01
-0.02
-0.95
-0.85
-0.01
-0.02
-0.79
-0.38
0.0
0.0
0.0
0.0
-0.23
-0.01
-0.02
-0.02
-0.95
-0.03
0.0
-0.02
-0.02
0.0
-0.03
-0.71
-0.03
-0.01
-0.01
-0.28
-0.03
-0.02
-0.01
-0.01
0.0
-0.03
0.0
-0.23
0.0
-0.03
-0.1
-0.03
-0.92
-0.89
0.0
-0.2
-0.04
-1.0
-0.02
-0.49
-0.03
-0.03
0.0
-0.05
-0.05
-0.03
-0.02
-0.98
0.0
-0.01
-0.02
-0.02
-0.02
-0.02
-0.96
-0.01
0.0
0.0
0.0
0.0
-0.02
-0.01
-0.01
-0.02
-0.02
0.0
0.0
-0.01
-0.01
-0.01
0.0
0.0
-0.02
-0.01
-0.02
-0.15
-0.01
0.0
0.0
0.0
0.0
0.0
0.0
0.0
-0.01
-0.79
0.0
0.0
0.0
-0.24
-0.02
-0.61
-0.01
-0.03
-0.73
-0.05
-0.01
0.0
-0.02
-0.02
-1.0
-0.52
-0.03
-0.73
-0.02
-0.52
-0.62
-0.19
-0.02
-0.9
-0.02
-0.31
-0.08
-0.95
-0.02
0.0
-0.01
-0.41
0.0
0.0
0.0
0.0
-0.01
0.0
-0.72
0.0
-0.01
-0.01
0.0
0.0
0.0
-0.02
-0.01
0.0
0.0
-0.03
0.0
-0.02
0.0
0.0
-0.01
-0.03
-0.05
-0.61
0.0
0.0
-0.01
-0.2
-0.95
0.0
-0.74
-0.01
-0.01
-0.72
-0.92
-0.91
-0.04
0.0
-0.02
-0.02
-0.01
-0.01
-0.02
-0.01
0.0
0.0
-0.01
0.0
0.0
0.0
0.0
-0.03
0.0
0.0
-0.01
0.0
0.0
-0.03
-0.02
-0.06
0.0
0.0
-0.01
0.0
0.0
0.0
-0.21
0.0
-0.77
-0.28
-0.68
-0.02
-0.21
-0.01
0.0
-0.04
-0.01
-0.04
-0.34
-0.01
-0.96
-0.03
-0.25
0.0
-0.01
-0.01
0.0
-0.04
-0.56
-0.97
0.0
-0.03
-0.04
-0.6
-0.03
-0.01
-0.22
-0.01
0.0
-0.02
-0.01
-0.01
-0.84
-0.02
-0.5
-0.01
-0.04
0.0
0.0
0.0
0.0
-0.01
0.1
-0.52
0.0
-0.01
0.0
-0.03
-0.01
-0.05
-0.01
-0.02
-0.02
0.0
-0.01
-0.02
-0.05
0.0
-0.38
-0.97
0.0
-0.01
-0.01
-0.09
-0.01
-0.01
0.0
-0.01
0.0
0.0
-0.5
0.0
-0.01
0.0
0.0
-0.02
-0.01
0.0
0.0
-0.01
0.0
0.0
-0.01
0.0
-0.01
0.0
-0.94
0.0
0.0
-0.01
-0.01
-0.48
0.0
-0.01
-0.01
-0.03
-0.98
0.0
-0.01
-0.07
0.0
-0.01
-0.99
-0.93
-0.01
-0.05
-0.01
0.0
0.0
-0.02
-0.28
-0.21
-0.53
-0.3
-0.02
-0.99
-0.09
-0.01
-0.01
-0.1
-0.02
-0.74
-0.23
0.0
-0.01
-0.7
-0.01
-0.11
-0.01
-0.01
0.0
0.0
-0.02
0.0
0.0
0.0
0.0
0.0
0.0
0.0
-0.76
-0.02
-0.01
0.0
0.0
0.0
0.0
0.0
-0.02
0.0
0.0
0.0
0.0
-0.02
0.0
-0.01
-0.52
0.0
-0.03
0.0
-0.67
-0.01
-0.02
-0.3
-0.02
-0.01
-0.02
-0.4
-0.56
0.0
-0.01
0.0
0.0
0.0
-0.6
-0.02
-0.94
-0.94
-0.04
0.0
-0.01
0.0
0.0
-0.3
-0.01
-0.42
0.08
-0.02
0.0
-0.01
0.0
-0.01
-0.97
0.0
0.0
-0.05
-0.95
-0.25
0.0
-0.01
-0.02
0.0
-0.03
-0.02
-0.02
-0.02
-0.01
-0.2
-0.87
0.0
0.0
-0.02
0.0
0.0
0.0
-0.02
-0.02
-0.02
0.0
0.0
-0.01
0.0
0.0
0.0
0.0
-0.03
-0.01
-0.8
0.0
-0.05
-0.01
0.0
0.0
0.0
-0.83
0.0
0.0
0.0
-0.01
0.0
0.0
0.0
0.0
0.0
0.0
0.0
0.0
-0.02
-0.01
-0.15
-0.54
-0.98
-0.9
-0.35
-0.02
-0.01
-0.16
0.0
-0.03
-0.01
-0.93
-0.01
0.0
-0.02
-0.02
0.0
-0.02
-0.19
0.0
0.0
0.0
-0.44
0.0
-0.94
-0.01
-0.94
-0.31
-0.98
-0.03
-0.99
0.0
0.09
-0.01
0.0
-0.02
0.0
0.0
-0.88
0.0
-0.02
0.0
-0.02
0.0
0.0
-0.25
-0.05
0.0
-0.01
-0.21
-0.02
0.0
-0.02
0.0
0.0
0.0
0.0
0.0
-0.03
0.0
-0.01
0.0
-0.01
-0.02
-0.02
0.0
-0.01
-0.13
-0.02
-0.01
0.0
-0.25
-0.02
-0.94
-0.02
0.0
-0.01
-0.97
-0.13
-0.64
0.0
0.0
-0.02
0.0
0.0
-0.26
0.0
0.0
0.0
0.0
0.0
-0.02
0.0
-0.06
-0.9
-0.56
-0.9
-0.63
0.0
-0.24
-0.02
-0.97
-0.01
-0.98
-0.96
-0.02
0.0
-0.03
-0.95
-0.94
-0.17
-0.02
-0.02
-0.02
-0.01
-0.93
-0.02
-0.03
-0.01
-0.41
-0.03
-0.02
-0.02
0.0
0.0
-0.01
-0.02
-0.93
0.0
-0.02
0.0
-0.81
0.0
0.0
-0.01
-0.01
0.0
0.0
0.0
0.0
0.0
-0.46
0.0
0.0
0.0
0.0
-0.01
0.0
0.0
-0.01
-0.01
0.0
0.0
-0.52
0.0
0.0
0.0
0.0
0.0
0.08
-0.03
-0.01
-0.04
-0.27
0.0
0.0
-0.01
0.0
-0.03
-0.29
-0.03
-0.01
-0.05
-0.01
-0.02
-0.02
-0.01
0.0
-0.01
-0.01
-0.19
-0.9
0.0
0.0
0.0
0.0
-0.02
-0.02
-0.94
0.0
0.0
-0.01
0.0
0.0
-0.01
0.0
0.0
0.0
-0.01
-0.01
-0.05
-0.98
-0.98
0.0
-0.01
-0.13
-0.25
-0.08
0.0
-0.04
-0.19
-0.53
-0.06
-0.04
0.0
-0.03
-0.03
-0.85
0.0
-0.44
-0.02
-0.06
0.0
0.0
-0.01
-0.34
-0.02
0.0
-0.02
-0.03
-0.01
-0.02
0.0
0.0
-0.03
-0.98
-0.98
-0.02
-0.02
0.0
0.0
0.0
0.0
-0.01
0.0
-0.06
0.0
0.0
0.0
-0.02
-0.57
-0.62
-0.45
-0.01
0.0
0.0
-0.02
0.0
0.0
-0.01
-0.02
0.0
0.0
-0.01
-0.47
-0.54
0.0
-0.01
-0.04
0.0
-0.02
-0.02
-0.19
-0.04
-0.84
0.0
-0.95
-0.01
-0.02
-0.01
-0.01
-0.52
-0.02
0.0
-0.01
-0.01
-0.01
-0.98
0.0
-0.18
-0.39
-0.77
-0.02
-0.02
-0.3
-0.24
-0.02
0.0
-0.03
0.0
-0.03
0.0
-0.01
-0.15
-0.65
-0.01
0.0
-0.01
0.0
0.0
-0.01
-0.23
0.0
-0.02
0.0
-0.01
-0.02
0.0
-0.39
-0.04
-0.46
0.0
-0.71
-0.03
-0.03
-0.32
-0.01
-0.95
-0.02
-0.25
-0.01
-0.01
-0.98
-0.02
-0.01
-0.01
0.0
-0.01
-0.6
-0.12
-0.02
0.0
-0.93
-0.01
-0.74
-0.01
-0.01
-0.02
-0.03
-0.01
-0.66
-0.05
0.0
-0.02
-0.01
-0.96
-0.03
0.0
-0.04
-0.02
-0.41
-0.02
-0.03
-0.46
-0.01
0.0
-0.03
-0.4
-0.01
-0.98
-0.03
-0.8
-0.01
-0.54
-0.65
-0.58
-0.01
-0.02
-0.02
-0.02
-0.02
-0.09
-0.36
-0.91
-0.01
-0.01
-0.8
0.0
-0.02
0.0
-0.02
-0.01
-0.02
-0.52
-0.01
-0.9
-0.38
-0.01
-0.01
0.0
0.0
-0.02
0.0
-0.01
-0.52
-0.01
-0.89
-0.01
-0.97
-0.03
0.0
0.0
0.0
0.0
0.0
0.0
0.0
-0.05
0.0
0.0
-0.02
-0.01
0.0
-0.4
-0.02
-0.01
0.0
0.0
0.0
-0.02
-0.03
0.0
-0.01
0.0
-0.42
-0.02
-0.84
-0.03
-0.41
-0.61
-0.03
0.0
-0.01
0.0
-0.02
0.0
0.0
-0.15
-0.01
-0.75
-0.71
-0.09
-0.01
-0.03
0.0
-0.01
-0.01
-0.01
-0.75
-0.49
0.0
-0.39
-0.01
0.0
-0.06
-0.02
-0.06
-0.03
0.0
-0.01
-0.03
-0.01
-0.92
-0.04
0.0
0.0
-0.18
0.0
-0.01
-0.01
0.0
-0.01
-0.66
-0.01
-0.01
0.0
0.0
-0.03
0.0
-0.2
0.0
0.0
-0.01
-0.99
-0.04
-0.97
-0.95
0.0
-0.02
-0.28
0.0
-0.01
-0.01
-0.01
-0.2
0.0
0.0
-0.01
-0.78
0.0
0.0
-0.02
0.0
-0.01
0.0
-0.01
-0.03
-0.54
-0.01
-0.02
-0.01
-0.03
0.0
0.0
0.0
-0.01
0.0
0.0
0.0
-0.01
-0.01
-0.22
0.0
0.0
0.0
0.0
0.0
-0.01
0.0
0.0
0.0
-0.02
0.0
0.0
0.0
0.0
0.0
0.0
0.0
0.0
0.0
-0.19
0.0
-0.01
-0.02
-0.06
0.0
-0.09
-0.01
-0.61
-0.02
0.0
-0.74
-0.56
0.0
-0.04
-0.02
-0.76
-0.03
-0.15
-0.25
-0.79
-0.12
0.0
0.0
0.0
-0.92
0.0
-0.24
0.0
0.0
-0.02
0.0
-0.02
0.0
0.0
-0.01
-0.01
-0.02
-0.41
-0.26
-0.04
-0.03
-0.94
-0.98
-0.01
0.0
-0.01
-0.01
-0.02
-0.06
-0.01
0.0
-0.01
0.0
-0.86
0.0
0.0
-0.98
-0.01
0.0
0.0
-0.02
0.0
-0.01
-0.64
-0.48
0.0
0.0
0.0
0.0
0.0
0.0
-0.02
-0.02
0.0
0.0
-0.67
-0.01
-0.03
0.0
0.0
0.0
0.0
0.0
-0.51
-0.03
0.0
-0.02
-0.01
-0.01
-0.65
0.0
-0.33
0.0
0.0
0.0
-0.01
0.0
-0.3
0.0
-0.01
0.0
0.0
0.0
-0.01
0.0
-0.01
0.0
-0.02
-0.02
0.0
-0.48
0.0
0.0
0.0
-0.01
-0.03
0.0
0.0
-0.01
-0.08
0.0
-0.18
-0.06
-0.06
-0.01
0.0
0.0
-0.55
0.0
-0.02
-0.04
0.0
-0.01
-0.01
-0.01
-0.02
-0.22
0.0
-0.01
0.0
0.0
0.0
0.0
-0.02
-0.01
-0.98
-0.77
0.0
0.0
-0.6
-0.01
-0.98
-0.04
-0.02
-0.03
-0.03
-0.01
-0.21
-0.01
-0.94
-0.84
0.0
-0.57
-0.01
0.0
-0.01
0.0
0.0
0.0
0.0
0.0
-0.76
0.0
0.0
0.0
-0.01
-0.76
-0.01
-0.94
-0.03
-0.01
-0.74
-0.03
0.0
-0.01
0.0
-0.08
-0.01
-0.43
-0.97
-0.03
-0.84
0.0
0.0
-0.28
0.0
-0.15
-0.01
-0.39
0.0
0.0
-0.02
-0.03
-0.02
0.0
0.0
0.0
0.0
0.0
0.0
0.1
-0.46
-0.92
0.0
-0.33
-0.93
-0.01
-0.02
-0.01
-0.02
-0.02
-0.01
0.0
0.0
-0.03
-0.95
0.0
-0.01
-0.01
-0.43
0.0
-0.02
0.0
0.0
0.0
0.0
0.0
-0.01
0.0
0.0
0.0
0.0
-0.01
0.0
-0.01
0.0
0.0
0.0
-0.02
0.0
0.0
0.0
0.0
0.0
0.0
0.0
0.0
0.0
0.0
-0.06
0.0
0.08
-0.01
-0.02
-0.1
-0.02
0.0
0.0
-0.03
-0.25
-0.01
-0.03
-0.02
-0.02
0.0
0.0
-0.01
0.0
0.0
-0.02
-0.37
-0.64
0.0
-0.01
-0.03
-0.01
0.0
-0.01
0.0
-0.04
-0.47
0.0
-0.01
0.0
0.0
0.0
0.0
0.0
-0.1
0.0
-0.02
-0.02
-0.01
-0.04
-0.23
-0.01
-0.97
-0.82
-0.01
-0.97
-0.01
-0.74
-0.01
0.0
0.0
-0.02
0.0
-0.02
-0.04
0.0
-0.56
0.0
-0.02
-0.86
0.0
0.08
0.0
0.0
-0.01
-0.01
-0.25
0.0
-0.01
0.0
0.0
0.0
0.0
0.0
0.0
0.0
-0.02
-0.01
-0.02
-0.01
-0.42
-0.27
-0.01
-0.03
-0.01
-0.02
-0.12
-0.01
-0.24
0.0
-0.01
-0.03
0.0
0.0
-0.58
0.0
-0.01
0.0
-0.01
-0.89
0.0
-0.01
-0.91
-0.01
0.0
-0.01
-0.38
-0.02
-0.01
0.0
-0.02
-0.02
-0.01
-0.01
-0.02
-0.09
-0.43
-0.02
-0.16
-0.01
-0.01
-0.16
-0.01
0.0
-0.28
-0.15
-0.03
0.0
0.0
0.0
-0.01
-0.01
-0.26
-1.0
0.0
0.0
0.0
0.0
0.0
0.0
0.0
-0.02
-0.02
-0.01
-0.01
0.0
-0.32
-0.91
-0.01
-0.12
-0.03
-0.23
-0.06
-0.03
-0.16
0.0
-0.74
-0.03
-0.01
-0.02
-0.01
0.0
0.0
0.0
0.0
0.0
-0.01
0.0
-0.4
-0.09
0.0
0.0
-0.01
0.0
0.0
0.0
0.0
0.0
0.0
0.0
-0.01
-0.02
0.0
-0.01
0.0
0.0
0.0
0.0
0.0
0.0
0.0
0.0
0.0
-0.01
-0.01
0.0
0.0
0.0
0.0
0.0
-0.01
-0.01
-0.05
0.0
-0.01
0.0
-0.01
0.0
0.0
-0.01
0.0
0.0
0.0
0.0
0.0
0.0
0.0
0.0
-0.02
-0.09
0.0
0.0
0.0
0.0
0.0
0.0
-0.01
-0.23
-0.01
-0.02
-0.01
-0.01
-1.0
-0.03
-0.01
-0.02
0.0
-0.32
-0.04
-0.04
-0.01
-0.02
0.0
0.0
0.0
0.0
0.0
0.0
-0.01
-0.04
-0.01
0.0
0.0
0.0
0.0
-0.03
0.0
-0.01
-0.01
-0.04
-0.01
-0.05
-0.94
-0.4
0.0
0.0
-0.01
-0.97
-0.02
-0.03
-0.01
-0.06
-0.03
-0.97
-0.02
0.0
-0.02
-0.03
-0.9
-0.96
0.0
0.0
0.0
0.0
-0.01
0.0
-0.02
-0.02
-0.01
-0.01
-0.96
0.0
0.0
-0.01
-0.01
-0.32
-0.04
0.0
0.0
-0.01
0.0
-0.01
-0.15
0.0
-0.01
-0.01
-0.02
0.0
-0.01
-0.33
-0.04
-0.01
0.0
0.0
-0.02
-0.02
0.0
-0.01
-0.88
-0.97
-0.3
-0.67
-0.92
0.0
-0.26
-0.02
0.0
0.0
-0.84
0.0
0.0
-0.28
-0.95
-0.9
-0.05
0.0
0.0
0.0
0.0
0.0
0.0
0.0
0.0
0.0
0.0
0.0
0.0
0.0
0.0
0.0
-0.03
-0.37
0.0
-0.02
-0.9
0.0
0.0
-0.03
-0.71
-0.03
-0.02
-0.08
0.0
0.0
-0.01
-0.01
-0.02
-0.01
-0.02
-0.33
0.0
-0.02
0.0
0.0
0.1
0.0
-0.75
0.0
-0.01
0.0
-0.01
0.0
0.0
0.0
-0.02
0.0
0.0
-0.01
-0.22
-0.02
-0.02
-0.29
-0.01
-0.01
0.0
-0.19
0.0
-0.02
-0.02
0.0
0.0
0.0
-0.01
0.0
0.0
-0.01
0.0
0.0
-0.02
0.0
-0.09
-0.47
-0.01
-0.84
-0.01
-0.46
-0.01
0.0
0.0
0.0
0.0
-0.82
0.0
-0.01
-0.11
-0.01
-0.27
0.0
-0.01
0.0
-0.03
0.0
0.0
0.0
0.0
0.0
-0.04
-0.39
-0.03
0.0
-0.03
-0.02
-0.02
0.0
0.0
0.0
0.0
0.0
0.0
0.0
0.0
0.0
-0.03
0.0
-0.01
0.0
-0.02
0.0
0.0
-0.04
-0.02
0.0
-0.03
0.0
0.0
-0.42
0.0
-0.55
0.0
-0.01
0.0
0.0
0.0
-0.01
0.0
0.0
-0.02
-0.01
-0.05
-0.01
-0.83
-0.02
-0.33
0.0
-0.01
-0.43
-0.01
0.0
0.0
0.0
-0.01
-0.02
0.0
0.0
0.0
0.0
-0.02
0.0
-0.01
-0.9
0.0
0.0
0.0
-0.01
-0.04
-0.01
0.0
0.0
-0.04
-0.95
0.0
0.0
0.0
-0.01
-0.01
-0.03
-0.47
-0.01
-0.01
0.0
0.0
0.0
-0.36
-0.01
-0.86
0.0
0.0
0.0
-0.02
0.0
0.0
0.0
0.0
-0.04
-0.01
-0.23
0.0
-0.02
0.0
0.0
-0.01
-0.94
0.0
-0.01
0.0
0.0
-0.02
-0.02
0.0
-0.27
-0.01
0.0
0.0
0.0
-0.04
-0.14
-0.66
0.0
0.0
0.0
0.0
0.0
0.0
0.0
-0.01
-0.59
0.0
0.0
-0.01
-0.01
-0.69
0.0
0.0
-0.01
-0.06
0.0
-0.02
-0.21
-0.02
-0.94
-0.85
-0.01
0.0
0.0
0.0
-0.01
-0.56
-0.16
-0.56
0.0
-0.04
-0.01
0.0
-0.03
0.0
-0.01
0.0
-0.02
-0.02
-0.01
-0.77
-0.02
0.0
-0.01
-0.83
-0.01
0.0
-0.06
-0.33
0.0
-0.03
0.0
0.0
-0.02
-0.49
-0.04
0.0
-0.03
-0.01
-0.5
-0.01
-0.02
-0.9
-0.01
0.0
-0.02
-0.24
-0.01
-0.01
0.0
-0.01
0.0
-0.03
-0.01
0.0
0.0
-0.01
0.0
-0.01
0.0
0.0
-0.01
0.0
-0.03
0.0
-0.02
0.06
-0.01
0.0
-0.86
-0.93
-0.01
-0.08
0.0
0.0
0.0
-0.95
0.0
0.0
0.0
0.0
-0.01
0.0
0.0
0.0
0.0
0.0
0.0
0.0
-0.14
0.0
0.0
-0.01
-0.01
0.0
0.0
0.0
0.0
-0.02
-0.02
-0.01
-0.95
-0.01
0.0
0.0
0.0
-0.02
-0.01
-0.02
-0.01
-0.01
-0.02
-0.02
-0.72
-0.02
0.0
0.0
0.0
0.0
-0.03
-0.33
0.0
0.0
0.0
0.0
0.0
-0.01
0.0
0.0
0.0
0.0
0.0
-0.01
-0.03
0.0
0.0
-0.02
-0.3
-0.02
-0.2
0.0
-0.03
-0.04
0.0
0.0
0.0
0.0
0.0
0.0
-0.04
0.0
-0.02
0.0
-0.01
0.0
-0.01
-0.02
-0.04
-0.05
0.0
-0.97
-0.01
-0.01
-0.01
-0.01
0.0
-0.01
0.0
0.0
-0.01
-0.01
-0.14
-0.02
-0.01
0.0
0.0
0.0
0.0
0.0
-0.03
-0.02
0.0
-0.02
-0.01
-0.06
0.0
-0.01
0.0
0.0
0.0
0.0
-0.01
0.0
-0.01
-0.02
-0.3
-0.02
-0.01
0.0
0.0
0.0
-0.02
-0.99
0.0
-0.38
0.0
0.0
0.0
0.0
0.0
-0.01
-0.01
-0.04
0.0
0.0
-0.12
0.0
-0.02
-0.02
0.0
-0.04
-0.21
-0.02
-0.06
0.0
-0.02
-0.01
-0.04
-0.56
-0.81
0.0
0.0
0.0
-0.01
0.0
0.0
0.0
0.0
0.0
0.0
-0.03
-0.01
0.0
-0.01
-0.74
0.0
0.0
0.0
0.0
0.0
0.0
0.0
0.0
-0.63
-0.96
-0.01
0.0
0.0
-0.01
-0.01
-0.01
-0.01
-0.01
0.0
0.0
-0.01
-0.84
0.0
-0.02
-0.01
-0.02
-0.02
-0.15
-0.01
0.0
0.0
-0.03
-0.01
0.0
-0.01
-0.39
-0.03
0.0
0.0
0.0
-0.1
-0.85
0.0
-0.01
-0.59
-0.03
-0.01
-0.01
-0.61
0.0
0.0
0.0
-0.01
-0.02
-0.22
-0.01
0.0
0.0
0.0
0.0
-0.01
-0.01
0.0
-0.31
-0.26
-0.01
0.0
0.0
-0.4
0.0
-0.49
-0.02
-0.98
0.0
-0.03
0.0
-0.02
-0.12
-0.3
0.0
-0.34
-0.24
0.0
0.0
-0.02
-0.89
0.0
-0.8
-0.64
0.0
0.0
0.0
-0.04
-0.01
-0.02
-0.03
0.0
0.0
-0.01
-0.01
0.0
-0.01
-0.32
0.0
-0.01
-0.01
-0.05
0.0
0.0
0.0
0.0
-0.01
0.0
0.0
0.0
0.0
0.0
0.0
0.0
-0.01
0.0
0.0
0.0
0.0
0.0
0.0
0.0
0.0
-0.01
-0.27
-0.13
-0.01
0.0
-0.18
-0.03
-0.01
-0.02
-0.01
-0.02
-0.35
-0.1
-0.15
0.0
0.0
0.0
-0.01
-0.02
0.0
0.0
0.0
0.0
-0.01
-0.01
-0.28
0.0
0.0
-0.01
0.0
-0.01
-0.02
0.0
0.0
-0.01
-0.15
0.0
0.0
-0.01
0.0
-0.01
0.0
-0.01
0.0
-0.01
-0.34
-0.48
-0.01
-0.01
0.0
0.0
0.0
0.0
-0.01
-0.01
-0.47
0.0
0.0
0.0
0.0
0.0
-0.2
-0.29
-0.99
-0.02
-0.01
0.0
0.0
-0.02
-0.01
-0.01
-0.02
-0.7
-0.56
0.0
-0.02
0.0
0.0
0.0
0.0
-0.01
-0.22
0.0
0.0
0.0
-0.02
0.0
0.0
0.0
0.0
0.0
-0.02
-0.03
-0.04
-0.01
-0.02
-0.17
0.0
-0.01
-0.01
0.0
0.0
0.0
0.0
0.0
0.0
0.0
0.0
-0.01
0.0
0.0
0.0
-0.01
0.0
-0.01
0.0
0.0
0.0
0.0
0.0
-0.01
-0.01
0.0
-0.01
-0.01
-0.01
-0.22
0.0
0.0
-0.01
-0.88
0.0
0.0
0.0
0.0
0.0
0.0
0.0
-0.02
0.0
0.0
-0.01
-0.01
-0.01
-0.37
-0.01
-0.67
0.0
-0.02
0.0
-0.02
0.0
-0.08
-0.39
-0.22
0.0
-0.01
0.0
-0.01
-0.32
-0.01
-0.02
-0.54
-0.56
-0.02
-0.01
-0.15
0.0
0.0
0.0
0.0
0.0
-0.01
-0.01
-0.95
0.0
-0.19
-0.02
0.0
0.0
-0.01
-0.01
0.0
0.0
0.0
0.0
0.0
-0.06
-0.01
-0.01
0.0
-0.02
0.0
0.0
0.0
-0.01
-0.04
0.0
-0.93
0.0
0.0
-0.06
0.0
-0.03
-0.02
0.0
-0.03
-0.6
-0.95
-0.88
0.0
0.0
0.0
0.0
0.0
-0.02
-0.36
0.0
0.0
-0.02
-0.98
0.0
-0.7
0.0
-0.02
-0.97
0.0
-0.45
0.0
0.0
0.0
0.0
-0.01
0.0
0.0
-0.46
-0.01
-0.01
-0.03
-0.59
0.0
0.0
-0.01
0.0
0.0
-0.01
-0.02
-0.01
-0.03
-0.04
-0.01
0.0
-0.03
