1633
658
6557
1687
553
2855
3114
759
1977
1100
1261
802
5540
2659
1937
971
2125
843
991
1291
1790
875
1751
800
2129
3714
2331
4231
4679
2169
4026
774
4607
737
2374
6481
584
1413
1686
2692
1333
2289
2721
2385
3095
1252
1202
956
1337
1582
1963
2275
969
4987
4674
2674
3465
999
3027
720
565
2189
2307
1381
2010
2554
3732
1591
1467
1687
1242
2210
1834
1277
1669
3367
2535
2241
6156
3522
2462
1256
1166
4001
1253
2438
3666
1587
1974
1024
887
917
2208
4515
3401
1027
1448
5226
4668
2640
715
1444
2561
1548
773
1890
593
1898
1584
888
748
725
2383
1741
1514
1743
2613
3361
379
2047
1875
775
773
1566
1487
1703
1820
3703
632
1785
586
926
300
1340
4686
1641
2463
664
2628
2273
1015
2043
2956
2551
2151
1736
1045
1065
1562
2038
5860
1934
1491
2246
1536
1158
1799
1526
5898
1984
2805
2818
2223
580
1861
1479
3347
514
1757
2052
605
3542
902
1327
2621
1414
1710
517
4281
1382
323
3635
3548
1671
1654
935
2198
394
2897
1699
1029
2016
1027
988
809
1462
2808
1851
1408
1138
1063
1659
1157
428
1525
1966
3527
2223
2513
1743
706
5334
1489
1450
1275
3143
1518
1776
3432
1851
745
727
1633
1987
2128
319
2643
2102
1253
1458
1709
338
1335
955
1839
1733
1345
3144
1249
1466
1352
427
2512
4244
1874
2404
3012
354
1183
1193
3570
1628
1130
3108
1230
2837
3995
2025
2146
2700
501
3800
1143
2231
660
3145
2598
2779
2072
557
1304
1335
4863
3806
566
480
3248
755
1348
814
2990
1975
764
602
2025
1964
3927
776
3230
1512
901
1629
2341
3145
2861
3963
3332
3002
4948
1433
3341
3112
1702
1573
1972
1143
1422
2613
862
2606
2525
517
1636
1160
1472
1136
1480
4262
1191
2236
1086
814
4637
794
818
2863
931
622
1269
1978
929
1282
2298
916
1833
1624
608
1423
1122
1945
3123
2052
995
343
1059
906
1578
419
1556
807
1249
1724
1636
706
3842
1884
3859
1381
365
3537
3328
1574
1361
1028
1395
1445
1340
914
3444
1971
2854
1461
2643
1561
2106
1038
1141
1927
1830
1754
2922
2385
2125
1651
1205
1672
2179
742
767
2106
1283
2762
585
614
2213
5743
1020
1805
2007
1152
635
3424
1623
1870
2046
2647
1592
4238
2523
2806
1982
1256
2390
2777
2955
928
936
577
1232
339
2461
730
3231
1393
1423
2478
1372
2756
1264
2073
3468
3511
487
2131
934
5332
559
3121
3295
1664
2264
1138
3639
1221
2278
1746
1465
2074
2937
2183
2208
2635
1782
1139
1308
757
369
1413
1293
490
3325
3060
1092
2482
1767
1940
734
612
1602
2250
893
595
1993
2303
1983
997
3053
2605
536
2830
1745
5289
2851
6835
2068
2534
1332
1187
671
1134
1535
558
2312
1995
1359
1111
1133
291
1961
2243
1147
1052
2237
2224
3394
3021
602
1387
1048
435
1897
795
761
3231
2450
1675
2431
2363
2222
1484
677
3476
860
953
638
1816
450
720
2311
583
1358
1005
1646
1419
1106
4780
3781
2049
1186
872
1437
1947
5017
4765
374
874
1818
1121
2211
625
770
2199
468
1081
2192
1931
830
1099
2587
1989
872
3506
2236
1909
1198
4680
2317
2107
3858
1352
3536
1322
799
1475
3508
3671
609
3982
2089
758
1125
2488
1687
2365
1642
3249
1729
3226
2962
625
1098
3416
3861
345
1988
4249
1750
1822
1619
2418
1756
3088
692
1462
3410
3427
638
708
1138
1118
1957
1408
3053
2419
1108
998
2295
1227
2596
2054
1167
1635
2329
1877
717
3010
956
1367
1865
5112
1581
2355
1438
1211
1967
2397
1302
2499
824
679
425
1706
931
1096
426
2813
569
887
757
2543
1333
655
2704
2948
4052
1010
2223
1255
729
2997
1248
2697
4732
480
2000
979
1513
1143
3729
1896
1013
849
3328
2817
1400
3816
1994
2463
1093
849
724
4675
1963
2052
1802
744
1356
1148
2771
1053
678
3688
1685
1250
2694
1419
3532
3266
3275
609
1342
3910
1707
2758
1602
1257
1580
1286
1188
2264
4423
1146
596
1833
1871
1333
1604
1413
695
665
2441
2971
594
499
1246
1322
1003
2186
1853
1329
5924
1959
2296
692
975
949
1166
1097
4957
3309
2995
1270
4282
2206
4211
1082
2870
1690
502
1448
1391
475
1320
2165
1996
1933
2206
824
1043
1399
2039
1191
651
858
931
1374
951
3925
1992
926
2018
1483
5251
2950
2291
279
1212
1162
4287
1646
1770
2593
1652
2398
1621
882
2238
1714
1030
1228
1801
1302
3691
3149
541
1291
1205
5162
1227
2927
792
2162
3241
2815
402
1479
1954
1771
1241
1295
1523
586
1150
1858
1042
2448
1176
1406
3181
995
2613
1838
709
2952
1760
1621
2052
1117
1084
877
1877
1602
5591
3329
1054
1601
1078
2013
1512
1451
2609
1757
1281
1010
1082
2471
657
1713
986
2192
2503
1726
1727
723
1748
2515
3167
2430
737
935
1230
1292
1787
763
1007
4096
745
2951
3879
810
4967
2562
1895
2467
958
1286
740
325
1415
4279
4404
933
1331
3791
1006
3549
2364
1098
2609
2827
670
924
1718
586
1930
970
4864
1577
1238
1477
3595
1359
2570
289
3276
1837
1667
1528
3304
4977
1521
1849
1468
991
1415
1197
1690
1061
1296
4660
1762
1729
3194
746
2139
1371
2061
1633
920
2533
3644
2419
1974
2471
767
1288
724
2064
1998
3951
3123
1961
2331
1477
2696
1720
2092
4233
2027
2061
850
1281
489
1719
965
1349
2130
1550
2628
856
2281
707
2105
1269
924
769
2753
2035
3485
574
1864
2930
1875
768
1792
1022
2327
1498
1091
3914
2258
2146
2053
1725
1796
4587
2467
453
1050
2082
1235
1544
2999
2521
2807
2308
810
1280
2033
2280
872
1028
736
913
1514
343
382
2231
4660
2543
3064
1605
1068
2898
2474
1259
3066
2484
662
2380
735
2072
958
3409
2162
2480
1491
3992
748
2161
3344
1189
813
690
1304
891
3172
1660
4182
1389
2328
1627
712
4205
1699
1246
1940
2057
1237
1415
2028
1409
1758
940
1346
789
1199
2947
935
1660
1954
2002
2008
2737
539
4636
3483
674
2665
2507
1930
746
888
1215
930
1404
2101
743
584
2024
1977
3030
839
464
2007
1222
3206
871
1242
906
1884
2715
1383
2871
1524
3392
4518
1257
1415
3700
1188
1414
1446
1689
1288
2599
1014
2405
1801
1822
1878
946
2906
1614
2746
2955
4343
1292
2665
1101
527
893
2635
1616
797
1580
1754
1526
1980
2976
864
457
840
2911
2390
2345
408
419
1334
1884
2506
332
1428
1486
3850
2228
3819
4128
871
621
872
2635
2907
1682
4848
956
736
1312
4264
3752
1134
2436
2080
901
1577
1874
1756
1724
3136
5290
1649
1414
2095
1995
2142
602
1860
3009
998
2139
2244
2127
4829
386
1683
2065
625
2598
647
1116
1209
2147
2530
4075
777
468
1081
431
534
2977
1699
1918
1483
1037
720
3611
608
2165
1392
1158
2304
1970
2849
1352
1622
4703
5623
5508
560
5155
2064
764
2774
2005
3338
1081
5444
1657
2412
2979
2074
1110
1537
1145
1456
3726
3076
1025
2700
1868
1457
2704
4179
1831
2132
2051
2372
1013
790
1436
1190
1673
6415
1569
3306
1041
2941
1326
869
3658
1669
2075
3718
1576
645
5517
3093
778
2080
824
923
3576
1775
1587
2671
2036
1253
2211
221
760
1808
1164
865
469
877
3639
886
1948
1928
767
1235
2154
2799
1595
1753
1788
2671
920
2166
908
1891
1794
873
3805
906
1742
1549
3274
4707
1017
342
1666
995
3220
1435
523
2925
1182
914
2658
1277
1261
905
2250
1294
3480
3100
1958
1389
1687
5888
713
632
1668
1662
2936
2565
5503
3516
1189
1688
2029
3230
531
797
3711
1876
513
1692
626
2278
714
734
541
1172
1943
3077
2592
3981
2063
1225
2069
758
1902
1213
1652
1515
2525
754
1218
1917
2576
1664
582
456
2339
700
5305
537
1359
2558
1962
1403
1795
1094
853
4069
546
1547
3056
633
1744
1533
1280
2016
249
2592
2123
4179
2246
917
1191
3806
900
2185
1138
1753
729
796
3855
719
300
3607
4418
5529
2319
1272
697
889
2293
1226
2698
1070
1447
1136
3321
3864
2662
1984
1558
2218
2010
3331
788
2859
3406
2165
390
2615
1611
1273
2298
770
2963
1191
3622
1405
1974
1003
1993
1641
1556
576
1248
3104
926
1790
1052
2932
1605
1559
610
2234
2599
1325
2216
3316
429
2217
1725
2228
305
2246
1460
2533
1053
651
2582
1264
1212
993
1834
697
1173
5906
853
1141
3906
2879
2023
788
802
1786
1837
1201
1759
4053
1085
1202
2076
752
1012
1202
843
1094
1270
2183
729
755
735
1009
1360
859
2302
2389
1712
1647
1722
5155
1202
1312
943
2561
3039
4350
1038
2402
1595
1722
476
3157
2080
1297
1533
512
1858
1281
5136
1344
1456
436
2549
1566
1701
1114
609
1412
1981
938
990
673
1475
1616
3191
1338
1030
2577
1450
1005
1650
3802
2299
1776
1655
1732
693
1297
421
1626
2539
2586
1235
549
2811
1908
977
439
999
413
