3407
1773
2399
966
1846
1508
2507
1270
3020
2923
2280
5138
2743
1386
2622
1245
1638
1188
867
3733
5276
1932
4091
1249
1546
3158
3081
2359
2627
1494
1347
1305
2277
4193
2505
1827
996
2925
601
4453
3333
5892
5929
1591
1503
1586
1567
2178
8598
1327
3611
3254
3135
7767
2816
1992
3380
1254
953
2286
1757
872
1635
4063
2849
2560
3351
5595
2138
2076
5937
2719
1670
5421
3711
3667
5706
1100
3436
1581
1245
3411
6221
4103
1523
4037
3170
3229
961
5739
1219
1186
8440
3887
6165
6670
3132
6703
2132
5399
2210
3981
3857
1023
2359
9808
1752
2719
3269
7032
2112
1315
3482
1584
6694
4126
2474
5521
1763
1898
1909
3484
5798
4013
2918
3905
3549
3057
1330
2659
3764
3993
1343
4118
3278
2341
1174
1688
2385
3512
1136
3764
2671
3510
3831
3785
1143
4575
6887
2544
2232
2080
3628
1957
3442
2209
2471
3611
2804
4089
3381
3811
4153
2303
7830
3567
1030
2741
10974
2384
2776
1319
4419
4965
3605
2165
1607
2391
2559
1702
1034
3719
4673
2316
1953
1498
4343
2710
3491
1943
849
1317
2160
5184
3514
5779
5353
4183
1757
4107
1746
3648
2331
9657
1135
1952
1719
2486
3459
2305
1580
5029
2705
3173
