32987
2275
53015
7390
35440
61867
7345
23230
13181
5468
44346
3796
9408
19732
6483
20318
38687
4249
6253
5059
39101
12548
4033
34991
4530
6680
16950
8606
9891
24726
14817
5175
25106
17999
12603
19910
4977
22704
22081
30425
4880
3965
46548
25037
10749
14707
21647
47406
11492
18522
58599
18822
21553
18738
7815
16814
4392
56831
53856
22364
13841
20750
1902
33167
8914
47479
31857
9352
22545
8737
7140
32352
2935
11563
19073
18858
16501
10361
20860
40306
19456
12558
10586
31985
11251
24930
39420
13294
4230
7975
41105
11169
17547
49177
62291
9189
14568
5925
54721
44243
11247
8667
38444
18797
28011
55720
6331
13584
29150
3625
55949
15577
37351
8137
85916
15232
3187
18239
21533
13727
42281
13901
13516
32691
30153
38600
13876
52656
44584
32868
