0.0
-0.27
-0.16
-0.39
-0.14
-0.16
-0.16
-0.17
-0.14
-0.3
-0.25
-0.11
-0.31
-0.14
-0.12
-0.17
-0.13
-0.13
-0.17
-0.11
-0.12
-0.22
-0.22
-0.01
-0.22
-0.11
-0.14
-0.2
-0.25
-0.28
-0.18
-0.09
-0.12
-0.14
-0.12
-0.19
-0.07
-0.21
-0.11
-0.15
-0.24
-0.18
-0.16
-0.19
-0.05
-0.09
-0.16
-0.08
-0.19
-0.15
-0.02
-0.1
-0.17
-0.09
-0.07
-0.17
-0.07
-0.11
-0.12
-0.17
-0.19
-0.13
-0.19
-0.17
-0.1
-0.16
-0.16
-0.08
-0.11
-0.1
-0.11
-0.1
-0.17
-0.1
-0.18
-0.22
-0.08
-0.2
-0.22
-0.12
-0.11
-0.14
-0.1
-0.06
-0.14
-0.15
-0.18
-0.13
-0.14
-0.2
-0.16
-0.12
-0.09
-0.09
