2759
488
2390
1242
3782
1198
3205
2359
922
2806
1410
3096
1154
4304
2628
1669
1757
1943
3369
473
2926
3735
943
3726
2419
1166
999
1245
1784
1142
2062
1388
335
3480
1037
2782
2240
2231
1525
2795
903
1937
1690
2571
2209
3590
2020
2396
1263
2529
1631
1616
1170
1192
1324
1899
2325
1142
2341
5469
1149
2868
719
1507
4931
3605
3282
514
2159
1119
3026
988
2681
1206
521
3326
994
557
2574
3217
1745
1313
2705
1342
1140
1255
1192
1019
1035
1522
1351
5174
1177
1956
1512
1990
2603
837
2917
1747
4106
2065
4356
3369
3105
865
770
897
2056
1243
2824
4826
1960
3229
1862
3723
2722
1543
957
4017
2400
357
3004
3296
1915
3786
3330
920
1354
4719
702
1369
3650
2863
3646
1864
537
1342
1453
1735
1604
1093
6063
1881
2391
1077
2335
2430
3663
1960
1756
1090
1284
2079
912
3535
1025
2300
1426
1464
1570
1582
1622
850
705
1668
6110
1082
4534
1638
640
1325
1268
747
1533
2542
1961
1235
2728
1094
1276
2097
1260
1133
1998
3297
768
1013
1199
4496
3010
735
2935
495
1150
1172
1693
3240
1793
1003
2038
1010
963
3215
2150
509
754
1688
2618
703
588
2201
4969
2460
2236
1640
1832
1056
2210
3208
1121
3040
2511
577
2670
4081
1149
1835
2069
1186
2080
1999
2795
3114
1581
1415
897
622
2306
1052
1107
2632
581
2364
4032
2246
1881
664
1189
1655
3024
1435
1851
2129
4091
2408
5787
797
1193
1538
1480
1017
851
321
1815
1961
2975
2526
1251
2583
2004
2675
4193
2035
5824
1409
2000
1534
2711
3553
1322
5847
2146
2435
1854
2479
1874
1183
3585
1789
2422
4115
1748
2633
1469
1155
3289
648
1908
1721
1055
1104
2539
1419
4200
1157
2731
1167
915
2244
2227
1611
5305
5872
1997
1995
5203
3913
1649
2608
3862
3851
2776
1273
3081
1665
1675
2005
1233
2845
2325
1663
1211
469
1211
1831
2701
1216
1982
2818
1312
2996
3977
6395
1552
602
2333
4460
2054
4742
1123
3170
2503
1518
2128
1430
2165
970
3284
1306
599
804
2423
2620
3057
4947
550
2977
2428
956
2448
1983
875
1022
1032
1313
1460
1065
2364
1391
1324
1502
2694
1430
602
1997
3907
908
1160
2018
1664
3078
2445
1482
972
1323
1231
4862
7073
686
1521
751
1318
750
2070
605
5062
2785
878
1752
3618
2105
916
2487
2153
3935
4854
2244
1014
673
1533
1934
6230
2069
1251
785
1986
801
1092
3696
722
854
1018
1412
945
2830
3307
2473
2520
1131
2617
2194
5364
734
1813
2730
2596
1333
706
3950
891
1448
3235
747
1519
1264
722
5305
2128
2867
1563
1751
1432
1404
799
5040
732
3011
2104
2927
971
3593
3305
555
4476
942
1576
1486
1256
667
1103
1301
456
978
1292
1427
1505
2190
1943
3232
589
1881
4053
1686
661
936
818
1314
2337
2322
998
694
1146
1482
1571
5599
1831
1755
673
1950
1504
3691
1101
2511
2299
1437
5035
3422
928
623
609
1538
1892
3204
911
1415
1174
985
751
3853
1187
1385
2778
1704
2341
2682
4164
1586
2063
4305
1497
1756
1704
1815
1074
3684
1384
951
1831
3572
1605
2063
1784
587
4037
3272
2348
5124
3198
2024
1911
3731
1027
1918
721
697
1093
1153
2733
1487
4284
779
3145
921
1540
1508
2401
1778
979
1988
991
3276
1794
3627
625
946
1916
2855
1794
961
2958
2630
1669
1126
1398
2378
1550
4820
702
1394
1524
1075
1270
1258
655
2648
735
1817
3741
1893
2750
1957
1572
2320
5448
1727
3455
2093
3466
738
1408
1689
3865
4501
3728
1877
789
2690
2128
1363
3047
665
1378
1381
739
1451
1009
783
2182
3971
1265
1301
1313
1147
1732
2365
1503
1089
1442
1925
3793
4601
1542
1786
2958
2151
434
1797
1617
1039
3881
1625
2900
1106
2361
2274
3293
994
1384
2831
957
1295
3594
1409
4387
1481
1956
2078
1131
2376
1697
1408
989
3932
1672
482
4129
3298
1769
1164
1256
821
2924
1169
2148
2074
1152
2782
646
2692
1642
2270
2084
2280
2881
3396
1789
2397
2073
1938
678
1484
1634
1591
1000
1310
2147
3016
1990
1624
1718
1291
2766
2665
1248
1419
3999
2284
822
885
1043
3093
3659
4038
2113
2873
3381
2482
1438
1882
2729
4729
4203
2395
3299
2710
3070
2742
3921
784
2754
873
516
1076
1627
2351
2760
6202
1105
1257
742
5032
1668
3408
725
6677
1284
1668
2250
1390
665
1283
2194
1722
1660
935
508
3086
1923
5385
885
2338
991
2884
3717
4837
2378
677
1940
1766
3567
1422
1667
3483
1906
3743
2048
1709
1006
2815
900
3212
814
1365
3090
3140
975
2162
1788
3247
1000
1536
508
2251
2058
1779
1671
1326
2715
1140
2212
2642
2110
2368
1914
3288
2649
2500
2617
1136
777
813
1404
2308
1241
3412
1639
1203
3198
2152
610
2751
3726
2165
5418
1673
2151
3139
597
1165
3388
4715
713
690
2089
2438
3077
1646
943
2093
2014
796
818
844
1650
660
525
3571
1387
1290
2255
3438
664
568
1446
1806
1328
1745
537
1390
2314
4261
3560
1409
622
1519
884
1140
1105
1743
1517
2891
2897
1063
7240
1218
1893
3161
1621
1860
1511
2752
1846
1395
1863
1792
445
3500
3340
2205
2101
1885
401
975
2029
1848
2050
4427
1126
3547
4404
2197
3159
973
1230
3112
684
1306
2314
3042
3773
1161
1008
1735
1482
2176
5585
3286
1640
2373
807
732
2460
1195
5250
3773
2562
881
1120
2593
3453
1557
901
4040
1481
939
1669
1423
1060
2191
2255
1258
3237
3328
2179
3280
4268
5187
1652
2771
2189
937
4922
1597
1368
2342
2291
942
1226
3432
972
801
1227
1189
1223
1228
4675
3628
825
2033
3357
1202
506
1596
756
2862
1595
3219
1782
1726
3415
4938
1624
2453
1223
1607
3346
2357
1124
1081
1701
5564
1710
3956
463
2616
6376
870
1236
4375
1444
1090
2620
2608
3333
3222
2330
768
4633
2422
1912
2846
1795
2251
675
1243
573
1638
2035
1371
888
1109
1620
3431
1733
2975
1542
1899
4257
1874
2962
2520
1493
2070
2886
3902
1275
821
1395
953
3660
3738
830
992
4650
1464
1794
1544
1690
1085
4792
1334
2897
2734
1808
1729
6380
616
3274
1362
2518
3050
1396
540
941
3580
1664
3198
1176
386
1555
1929
2694
1151
4513
809
3572
4629
1359
1382
617
1841
3910
2691
2974
1687
2040
4298
899
2229
3605
1827
1787
2235
4597
671
3269
957
7729
913
3868
854
1788
1291
1265
4413
2641
1969
4671
2278
1504
2285
731
1389
5559
1162
1778
1203
3509
4705
1203
804
575
1447
1999
2436
1037
4798
8664
637
2520
2197
1848
1182
3765
1153
1281
2772
3795
1474
4188
2017
3502
1402
2112
1357
513
1763
789
2986
2414
2159
566
891
3082
6743
1131
3625
1094
1158
320
2074
2091
5240
2384
2423
1940
3863
816
1315
2435
1383
773
2436
1377
2434
438
1280
836
1420
2828
3535
2951
824
918
2095
2001
1433
2556
1654
5796
7007
1590
1241
2193
1551
518
1819
2402
2145
3008
1634
1093
472
428
863
3060
3273
3556
1392
3049
1277
765
2628
3505
2635
1504
2777
705
2661
1053
2332
2713
3480
1382
367
1582
908
1816
3595
3108
3216
1280
4441
1789
3483
3522
2811
1245
6092
4258
832
776
1508
1470
1044
1811
845
4259
1158
1471
1855
1005
2740
1713
2947
2042
1326
1194
1515
1530
3018
2830
3595
1478
1799
3897
3099
5222
2921
3725
4948
2464
3609
2368
1651
4294
1322
954
2024
2529
1817
902
1496
1858
2755
600
1202
873
964
1671
3137
3188
804
3132
3814
2566
1645
4854
2020
1612
1563
1673
777
897
1241
897
1025
1331
997
2375
726
1829
2618
2478
1530
953
3012
3854
2668
2696
2069
1082
2816
3959
2362
1510
2049
3104
1707
1340
4456
1705
1335
2566
1498
2170
5470
5297
640
1541
1953
836
3475
1337
2022
1661
2312
418
645
1165
2485
1756
2728
2903
3822
2757
1163
1996
2481
788
2333
2975
372
1509
2274
4773
4601
2158
1984
1304
793
1736
2967
2907
3149
1649
1284
2806
1353
931
1563
1582
413
2029
3733
1652
967
2215
2076
2750
1302
1610
1948
2090
3066
1343
1725
