4183
5734
4980
627
4226
2168
2046
9119
5081
1792
5466
5242
2525
1009
1608
4330
5891
6005
4249
509
3922
671
2847
2674
2124
6828
7338
2194
2231
2727
1775
563
946
1899
4672
445
419
1604
1617
6599
2211
596
5365
673
2844
967
333
1861
761
182
2577
4490
4090
4104
3716
159
507
229
2195
3220
3561
750
1224
1175
537
790
475
1341
759
70
231
85
55
104
108
67
60
100
86
52
130
57
83
163
68
227
107
124
50
79
64
283
132
57
71
145
90
69
92
83
87
75
55
71
89
306
67
56
52
85
57
54
77
64
137
133
50
77
83
71
113
57
114
83
68
83
88
83
121
84
63
981
86
54
62
59
56
63
137
111
72
191
145
83
123
249
214
369
160
62
86
139
96
52
108
88
83
82
58
235
77
187
202
90
62
130
155
74
453
59
125
112
96
53
60
77
127
138
71
71
77
302
661
172
184
70
72
151
52
95
80
74
63
151
120
259
163
62
171
84
133
414
114
167
111
61
114
90
761
302
595
98
87
65
117
129
57
104
321
116
202
54
99
62
50
147
75
284
139
54
119
156
285
101
390
67
51
134
68
160
97
711
78
256
112
102
89
88
145
67
58
91
59
78
50
178
65
103
261
225
100
54
89
63
141
58
55
71
74
299
145
97
157
121
58
113
165
79
116
143
112
98
109
159
126
77
50
454
87
143
280
805
105
206
95
218
174
172
55
170
240
231
183
56
70
63
138
106
359
69
74
529
129
163
73
61
130
66
219
154
65
93
54
57
69
157
68
75
235
182
65
105
106
68
98
134
101
84
199
112
49
71
134
69
139
72
90
455
116
49
54
72
60
63
103
126
137
166
121
55
75
157
95
99
69
75
63
79
79
76
77
78
65
138
121
49
141
163
88
72
96
124
311
59
55
129
118
85
49
79
306
60
94
140
182
114
77
94
73
76
54
106
53
52
83
52
67
71
57
98
100
113
69
57
52
374
93
58
152
62
115
63
60
130
52
211
52
67
269
712
1467
2392
90
81
85
48
150
136
74
148
80
154
191
281
785
139
188
131
96
75
94
234
106
72
184
102
241
153
500
50
55
75
56
115
125
77
205
93
109
121
173
153
831
148
54
123
106
100
66
128
78
58
114
153
287
66
54
164
161
84
175
115
79
83
172
62
121
55
52
74
64
70
275
68
50
96
290
54
76
55
123
67
63
51
166
92
88
78
80
126
67
151
55
74
177
107
106
104
112
102
61
57
94
69
97
48
162
123
116
163
113
144
106
57
192
107
428
194
424
127
262
239
148
93
75
93
68
208
96
476
74
97
216
107
81
108
72
64
121
209
88
133
52
271
71
103
55
154
194
60
118
61
124
69
90
62
750
113
51
69
102
56
68
68
56
52
48
85
82
67
93
59
71
250
68
51
229
176
128
358
99
493
165
96
76
71
78
175
102
79
163
65
63
80
56
73
55
61
85
70
69
96
126
115
82
134
238
52
72
53
62
79
66
49
160
63
97
73
75
69
86
76
134
97
670
256
197
644
173
141
418
194
128
253
77
129
196
99
178
58
54
79
874
138
290
59
205
65
96
55
52
107
97
57
54
161
54
78
144
60
147
311
150
110
76
58
120
64
70
269
58
73
132
174
203
215
90
97
194
104
209
164
130
358
64
182
201
69
209
192
104
75
74
86
67
51
137
66
124
69
75
125
184
116
72
53
48
213
385
119
69
203
84
131
342
76
72
60
61
60
76
128
104
167
79
59
117
69
182
86
83
135
49
269
178
212
87
226
89
211
48
124
141
638
376
250
82
275
125
149
542
383
131
73
83
136
67
78
60
116
168
191
69
56
95
98
182
112
86
216
156
481
152
129
77
71
88
52
69
136
86
56
64
69
58
182
135
204
160
82
96
49
91
111
178
105
119
130
153
109
77
72
62
65
196
92
126
132
107
75
82
483
59
104
94
85
56
79
220
68
63
153
237
57
218
276
243
57
88
53
64
997
525
170
284
159
195
563
296
287
124
59
77
60
166
67
340
104
66
50
212
135
160
118
420
156
121
120
63
59
88
74
64
70
51
115
51
92
207
98
65
96
124
70
80
60
66
195
77
88
389
127
52
100
76
77
168
86
62
89
62
49
83
151
113
69
75
104
93
124
187
159
128
491
156
110
100
154
127
54
83
136
49
77
146
71
62
59
67
104
96
88
62
96
50
62
62
89
73
97
98
120
188
77
136
48
71
62
224
276
175
70
176
360
433
89
71
60
154
281
70
55
138
57
106
53
60
55
158
88
111
245
80
73
62
64
69
172
71
129
202
70
201
118
61
163
342
67
59
147
77
68
113
75
128
121
400
150
127
91
83
108
51
76
64
137
52
84
187
78
117
133
67
96
62
82
101
177
66
74
63
298
95
97
64
72
133
167
178
115
149
55
158
1389
1021
289
404
558
182
722
117
153
143
142
56
81
131
289
59
274
52
75
163
53
140
169
174
96
563
719
206
149
150
65
59
1318
359
177
77
66
92
131
67
163
79
122
274
311
85
145
403
696
443
207
1012
221
99
81
347
279
199
368
70
223
235
80
96
56
57
80
180
261
166
591
3314
556
264
325
74
456
977
228
429
385
270
340
614
358
381
182
93
194
589
122
194
109
332
268
304
183
228
1703
336
383
73
62
78
169
159
65
72
129
69
86
123
144
586
427
258
414
142
166
715
962
173
126
156
111
330
60
383
51
84
67
77
68
216
121
163
1073
159
188
280
74
260
341
221
69
315
56
184
551
119
114
179
62
69
86
143
51
51
299
59
223
99
74
191
83
62
68
68
57
506
287
265
74
124
134
68
61
108
226
138
110
50
82
62
295
174
86
139
121
74
173
119
132
82
66
54
49
86
66
135
170
58
58
423
72
69
85
98
75
88
110
61
148
113
78
63
48
171
57
58
97
92
80
110
74
128
192
100
121
53
122
118
72
132
58
216
416
269
71
254
96
100
69
52
91
81
50
54
76
82
55
88
129
96
94
74
226
136
72
104
77
131
173
88
97
104
83
127
517
255
69
199
117
145
51
97
134
113
51
215
102
100
52
86
255
73
70
98
63
109
524
89
60
71
145
86
296
452
142
50
57
100
192
94
77
58
180
61
53
84
311
65
320
65
184
102
100
97
115
201
66
66
63
148
59
166
157
319
311
260
141
60
79
174
67
113
60
75
137
91
100
214
69
140
53
143
64
96
71
107
56
60
129
128
108
137
92
82
63
132
85
61
65
85
66
449
207
72
89
64
50
158
81
65
92
69
96
62
52
178
338
287
793
435
204
121
340
191
99
93
121
150
72
72
403
176
297
88
77
140
919
93
413
408
55
147
60
66
98
62
79
59
90
105
123
93
63
77
95
223
428
80
121
374
458
308
279
233
241
92
96
66
55
372
371
115
107
76
177
52
81
176
68
60
258
250
300
67
481
344
117
351
192
113
141
110
104
96
93
154
628
98
145
67
159
100
176
149
174
65
99
192
73
58
599
79
90
108
128
248
100
132
566
163
109
224
179
699
646
587
430
859
237
82
200
170
97
148
88
350
80
69
57
69
117
76
138
59
108
95
56
66
275
94
146
53
71
246
129
96
142
56
57
215
80
66
67
202
81
86
102
106
103
418
236
220
101
134
124
396
213
65
83
334
222
86
97
256
94
66
82
91
55
179
187
58
103
82
106
307
75
332
120
149
192
412
73
78
55
52
203
63
133
387
342
58
89
76
51
62
131
174
156
677
173
87
122
345
103
219
75
182
64
174
176
315
3527
464
184
177
129
140
480
252
54
60
79
75
131
97
149
152
92
69
145
177
68
285
317
126
85
141
145
118
215
983
1055
764
164
754
279
109
159
67
132
69
53
112
56
77
189
168
82
57
73
122
52
118
336
154
70
136
988
203
182
229
62
112
92
153
54
164
103
68
122
59
75
54
67
85
51
95
71
53
90
59
50
93
55
75
50
75
108
70
68
66
79
52
117
102
118
120
90
289
525
89
210
96
123
137
66
102
65
111
60
54
112
134
106
92
51
82
103
83
100
55
82
81
78
259
173
213
236
65
62
76
69
79
56
51
49
104
63
80
170
61
159
99
386
101
187
115
134
71
77
50
189
155
179
258
145
555
359
58
133
395
83
107
94
242
206
1523
412
162
149
232
111
212
183
228
213
126
180
68
155
197
350
247
615
201
196
93
105
115
52
101
56
64
65
214
190
100
52
85
170
63
361
100
66
87
190
73
62
57
59
112
250
164
101
119
115
74
197
68
117
94
365
94
65
157
547
378
202
322
131
440
124
52
100
80
84
53
119
69
127
279
139
316
67
89
101
260
100
119
151
160
123
51
96
58
58
75
84
99
59
136
72
184
91
203
114
117
581
160
81
55
87
140
113
142
62
70
81
73
61
123
50
75
271
106
138
111
1261
336
288
288
147
2301
224
144
129
97
70
110
71
82
67
102
142
324
566
939
428
168
89
99
323
235
122
125
104
58
214
285
314
787
191
110
209
370
252
484
928
1153
1613
119
286
1332
1488
1071
873
200
657
113
306
346
82
119
95
245
58
116
92
124
73
102
60
89
90
343
461
992
62
71
164
136
652
330
157
78
537
98
373
145
635
179
241
113
182
65
133
85
175
346
110
114
87
143
74
1025
1287
506
342
1553
152
306
295
148
81
102
83
75
158
502
264
95
138
214
53
62
156
152
62
69
94
137
99
95
158
51
70
89
98
335
157
58
99
189
147
435
663
227
201
204
315
79
135
221
104
115
107
157
67
100
51
224
102
383
79
175
90
90
121
87
62
91
137
452
93
50
71
150
296
59
49
131
87
199
461
212
97
60
296
126
55
175
61
64
136
115
342
172
69
56
152
111
247
115
264
574
144
264
258
52
238
97
291
322
119
162
131
135
50
222
140
54
124
112
71
270
233
321
55
393
137
106
423
141
407
200
109
76
235
331
225
270
69
64
116
121
93
429
77
102
121
255
216
174
316
92
135
69
124
64
147
69
347
83
67
50
53
182
214
97
606
244
81
89
158
165
55
58
55
138
620
266
135
81
109
97
126
357
94
70
148
211
122
76
163
307
74
206
313
96
659
406
315
310
175
83
59
379
177
93
426
969
107
1046
113
265
900
219
143
443
242
789
280
229
70
98
232
215
57
60
59
127
93
99
72
144
57
238
142
154
63
53
63
271
199
2207
72
108
167
340
295
101
244
88
313
54
54
63
393
232
328
130
534
65
109
138
118
82
108
284
311
131
456
168
192
513
275
507
346
622
3095
772
221
241
441
79
121
591
148
180
219
232
71
205
234
57
620
89
59
111
171
260
335
886
226
476
571
638
321
330
359
72
192
515
157
200
82
94
137
103
194
58
125
291
129
88
202
189
51
181
143
400
82
76
381
65
52
114
74
85
52
68
51
110
59
67
72
58
123
78
68
49
109
93
87
94
158
58
90
59
123
79
185
132
113
260
110
73
71
548
256
78
92
120
67
75
386
360
79
222
73
572
137
186
140
196
99
72
355
386
127
108
188
88
82
58
160
123
67
113
184
161
108
112
249
55
56
101
53
55
92
69
98
100
336
142
70
79
57
52
200
218
64
161
107
418
84
53
116
73
57
234
125
252
270
57
59
98
130
92
60
76
58
106
87
102
74
50
96
135
83
90
129
124
165
333
218
251
67
66
64
103
86
98
95
74
67
152
124
112
71
138
75
101
50
335
952
76
67
131
97
161
60
111
235
168
109
60
60
112
236
69
70
56
208
87
232
243
775
248
355
431
189
411
224
396
195
480
447
218
185
61
388
744
123
126
107
82
54
221
106
167
95
102
65
171
79
90
60
167
118
90
59
63
52
112
202
90
442
331
1376
474
175
489
118
164
104
146
79
79
72
272
108
70
59
67
258
70
204
227
68
112
76
215
131
87
184
159
126
115
1627
577
255
611
403
390
455
371
759
209
132
186
1973
651
208
853
664
234
204
190
200
398
555
65
97
141
81
179
62
62
69
186
184
190
76
56
139
87
120
95
83
55
61
122
61
62
81
88
121
102
98
79
115
107
124
86
65
167
128
127
112
107
54
96
89
372
177
59
134
231
82
742
239
147
218
112
248
186
90
60
605
412
161
542
208
100
111
52
233
64
86
56
182
204
390
186
95
113
102
61
114
68
118
101
84
175
73
65
113
93
89
89
124
82
140
105
54
52
54
79
175
234
109
109
116
70
78
54
63
133
56
168
106
128
58
53
179
100
69
173
160
65
308
59
53
93
126
99
64
88
69
116
58
78
95
93
88
61
58
89
101
65
107
157
161
109
141
268
202
141
68
136
123
96
79
69
131
60
232
58
185
79
50
76
72
87
78
243
69
133
75
56
164
77
244
72
489
298
59
58
85
196
92
95
143
63
58
90
81
55
67
151
94
60
198
176
62
80
125
251
94
137
175
413
209
96
64
56
187
126
69
107
90
58
125
77
168
67
85
52
96
289
135
75
52
72
163
123
190
200
686
208
70
67
132
84
57
58
169
73
133
86
58
197
75
83
245
78
60
69
234
86
191
83
169
152
66
141
108
68
91
499
1092
486
2797
268
122
348
178
406
1310
189
215
94
95
78
175
133
267
279
433
198
115
430
84
269
236
943
124
1039
132
210
92
164
155
458
196
108
151
206
427
376
333
273
395
319
51
124
94
106
113
163
243
49
290
268
101
117
244
65
155
136
156
155
84
54
69
348
181
105
139
291
68
239
170
88
50
92
175
98
119
114
57
104
160
312
54
248
209
261
150
160
502
222
209
112
374
1108
301
194
112
108
241
102
171
562
699
98
131
2308
416
402
161
265
66
83
204
199
124
56
57
340
64
113
126
62
57
96
69
72
337
332
239
115
274
313
501
64
176
1343
184
214
839
877
741
1275
235
139
96
138
154
58
100
63
66
171
202
160
199
140
56
76
164
84
81
133
55
97
154
566
790
505
380
79
285
83
94
51
241
508
197
363
133
71
693
122
117
250
72
58
203
63
54
132
140
61
67
88
157
82
136
65
162
65
82
90
134
104
61
152
196
1053
289
61
62
56
52
87
135
269
68
49
328
1029
961
140
908
572
111
233
192
241
127
99
74
244
58
268
160
182
94
189
260
1272
214
343
191
221
157
328
797
258
264
166
91
137
160
200
212
195
96
767
108
97
152
127
101
206
65
69
57
182
62
103
82
171
108
56
92
66
76
61
180
550
726
434
271
103
104
218
82
193
63
104
185
149
121
135
79
99
183
92
50
85
72
65
117
211
103
110
59
269
70
70
111
119
289
148
184
55
71
58
73
153
62
98
104
96
121
60
67
271
120
62
128
49
70
569
144
188
161
128
73
79
60
54
190
53
107
240
52
97
115
73
217
109
98
49
96
493
237
101
153
115
94
51
150
383
75
339
69
72
72
87
67
81
85
66
59
96
75
154
61
69
61
112
70
176
49
155
125
145
254
54
144
173
51
115
468
70
218
85
62
52
912
217
73
94
86
60
62
52
61
90
71
79
55
85
243
133
210
68
51
61
77
76
97
86
55
66
55
55
90
130
62
120
174
277
112
84
53
975
116
53
176
60
318
163
138
663
68
99
323
369
405
399
1002
257
702
276
87
260
95
80
54
55
82
345
53
56
96
112
89
75
76
103
63
190
203
361
467
280
112
97
200
56
55
206
98
149
383
358
252
79
175
51
65
89
81
86
218
113
62
262
575
199
194
637
203
343
226
128
74
77
75
71
327
102
159
88
152
68
78
382
271
114
207
375
102
70
58
110
143
143
141
223
254
238
246
279
82
49
91
65
73
246
705
56
92
92
235
166
215
122
416
257
233
108
70
147
140
142
129
69
200
106
127
225
290
91
262
49
96
90
78
291
372
144
198
206
61
191
68
91
145
85
66
197
56
130
68
84
65
63
114
55
68
154
156
236
200
103
111
75
81
335
93
171
141
68
67
108
187
132
254
149
75
193
97
75
168
320
165
108
220
141
688
124
86
106
158
234
68
119
97
107
71
66
90
133
102
170
75
165
174
179
131
346
246
120
58
348
217
62
89
135
64
323
51
90
51
80
120
132
115
183
197
81
220
337
247
363
93
322
75
176
71
57
125
80
62
53
138
129
63
112
51
476
90
100
101
82
110
77
51
116
52
74
105
59
51
126
50
74
50
236
181
63
111
77
68
69
249
156
58
83
60
69
104
104
84
178
82
140
66
90
683
99
53
80
144
55
106
437
70
106
56
164
56
62
244
81
78
56
87
76
184
52
68
56
79
112
68
71
54
96
85
123
70
67
64
62
51
131
70
71
69
125
52
75
83
98
61
91
131
53
53
58
176
84
213
92
72
57
114
124
56
103
61
588
108
107
597
283
286
261
99
149
233
71
61
149
284
163
271
180
55
62
79
71
49
90
230
78
124
102
94
80
74
152
72
258
151
54
176
173
206
59
78
98
90
58
63
51
138
98
52
113
169
89
122
91
81
55
300
160
114
148
161
160
70
344
60
86
178
106
101
189
97
69
67
62
182
90
124
470
216
72
83
138
70
74
72
74
61
92
76
97
88
57
63
198
102
96
54
51
64
57
276
81
63
140
79
106
53
88
52
60
71
225
73
93
331
114
134
105
95
53
63
51
126
141
50
60
79
58
57
68
105
51
49
56
72
55
68
74
58
133
104
100
58
71
148
157
138
141
66
246
233
203
221
64
82
118
178
52
184
100
290
861
228
257
171
105
100
104
89
153
387
50
112
81
114
75
194
312
60
160
97
55
52
54
72
113
84
238
150
117
398
235
104
56
103
100
65
66
156
63
75
61
68
60
96
398
95
107
130
161
62
342
147
109
69
74
80
162
204
126
62
54
102
117
52
222
628
648
225
162
335
278
215
511
236
560
514
761
135
115
233
87
88
68
93
81
196
180
106
313
205
103
234
81
69
225
110
168
124
97
239
755
401
451
846
254
188
141
68
69
64
150
77
96
110
101
171
193
70
159
68
84
132
266
82
72
64
161
450
390
268
178
100
101
78
56
78
62
61
73
53
78
81
230
106
105
110
62
115
64
51
93
60
88
60
140
75
90
67
120
90
125
309
100
285
64
231
95
63
88
80
69
385
1353
254
86
570
164
303
139
214
193
121
138
93
201
262
116
64
48
135
62
116
408
65
116
161
192
427
224
191
111
1069
149
2809
62
119
105
187
48
61
73
73
151
107
271
158
100
200
240
201
1020
138
1080
312
412
514
248
595
172
1029
402
1523
567
1172
232
645
445
150
75
62
124
126
86
69
115
219
120
158
211
139
52
52
275
355
69
137
396
259
275
182
383
264
152
130
64
154
83
141
84
537
259
97
138
203
86
86
168
128
176
69
204
173
56
245
73
80
241
180
252
683
7943
437
337
353
103
133
112
65
348
91
248
332
127
79
79
190
711
224
59
82
82
107
131
161
73
139
139
374
77
77
251
52
115
108
179
203
98
182
56
152
94
108
104
61
119
110
87
159
154
83
83
62
50
57
70
123
54
50
95
90
93
76
67
87
107
94
90
114
82
73
67
76
81
60
96
82
70
68
111
106
158
729
198
494
149
586
237
323
443
294
69
107
107
309
118
139
156
68
106
94
710
452
95
62
109
77
265
466
74
304
56
62
151
166
634
162
64
176
1070
424
380
1403
280
553
1119
285
317
98
72
107
151
130
699
246
114
228
313
299
159
164
334
232
81
729
533
265
563
319
176
263
572
138
82
134
60
129
73
86
178
76
118
58
102
331
168
562
122
54
68
64
164
69
145
85
322
323
75
154
91
70
231
1245
420
167
68
67
164
203
98
58
66
60
104
109
334
174
59
173
68
83
144
75
89
128
350
122
104
194
521
180
90
88
64
82
139
146
67
58
285
219
120
81
287
468
250
161
91
371
205
102
155
335
122
51
170
95
57
136
97
56
153
53
100
67
88
112
206
110
65
148
101
229
57
102
160
62
87
283
62
55
67
131
154
53
58
81
96
54
82
53
90
53
58
124
67
84
62
496
271
146
89
93
51
109
68
152
105
97
134
126
275
136
105
59
83
171
120
93
311
58
251
341
51
56
131
118
135
84
116
117
123
126
48
743
245
334
139
86
69
103
148
89
138
64
100
138
104
216
139
139
56
65
75
136
250
83
227
58
137
173
822
396
375
88
122
224
62
83
87
180
57
221
74
66
199
131
74
156
88
198
51
87
107
171
139
57
74
63
84
102
74
78
98
93
85
122
74
83
67
65
169
308
78
429
127
143
686
75
117
52
512
155
97
81
110
103
70
149
271
198
101
146
219
60
48
428
92
1674
715
665
434
819
933
132
93
155
68
124
94
75
237
69
216
509
152
175
74
70
202
67
135
657
367
114
170
101
1540
136
122
120
115
130
174
70
440
252
165
91
93
77
92
107
100
86
113
122
153
95
201
162
137
121
227
206
145
477
491
133
124
160
541
552
638
409
168
277
720
640
265
444
309
142
162
286
332
212
149
1589
98
77
102
71
100
141
103
70
237
119
277
63
133
266
194
64
98
114
62
190
552
552
238
271
483
1215
212
471
498
129
121
155
176
234
102
256
111
256
117
94
54
73
68
108
115
183
275
118
84
56
102
126
100
117
68
139
234
407
134
81
120
80
546
169
116
73
124
60
129
55
146
67
55
90
207
59
158
84
62
84
76
123
54
95
69
60
141
70
182
105
112
131
150
84
98
59
72
84
72
233
50
98
101
53
185
635
171
73
132
92
67
170
65
201
132
101
226
62
86
167
121
102
77
89
217
56
237
132
175
79
65
66
66
112
108
106
59
55
114
317
474
718
111
270
749
160
173
272
148
209
263
119
113
147
66
87
87
56
122
140
57
66
68
120
121
87
73
54
89
99
89
136
57
73
97
67
99
90
64
67
207
159
133
78
94
72
107
158
168
722
143
243
103
257
101
204
110
91
132
63
143
113
98
373
148
136
159
147
110
61
318
1549
127
720
415
572
723
1078
584
349
160
406
116
182
190
56
121
61
88
96
151
101
130
80
98
84
224
167
179
426
269
1360
767
390
195
335
132
70
56
130
158
70
111
64
116
196
537
211
221
105
65
112
196
151
62
80
54
57
153
76
79
79
178
230
104
283
295
167
196
417
115
206
271
348
337
571
182
276
975
492
791
845
1694
608
357
697
97
115
105
78
64
124
125
157
193
118
245
194
222
499
79
204
80
178
170
68
67
137
108
89
288
244
61
74
122
146
64
67
276
176
167
363
102
68
138
79
831
77
95
248
92
175
249
675
334
522
430
156
408
250
201
75
93
60
157
356
56
100
65
58
56
188
82
53
62
57
88
89
300
112
56
65
257
533
75
105
73
61
79
116
121
125
110
87
84
49
89
90
263
272
136
74
178
61
100
87
72
107
54
62
148
79
375
507
69
81
65
82
123
96
76
96
103
140
65
219
165
201
240
260
234
114
180
69
109
70
67
64
80
137
68
90
68
57
131
65
54
79
112
123
87
86
93
72
62
110
149
107
735
112
197
138
132
122
429
309
87
62
59
62
97
167
51
55
79
76
147
63
103
118
372
87
90
297
191
99
145
175
54
922
217
88
84
137
252
334
56
211
66
176
80
150
120
283
156
71
107
85
197
141
346
119
62
87
78
212
154
136
172
209
137
80
71
119
61
55
83
64
124
66
634
58
105
81
83
113
83
102
72
56
228
198
117
65
65
96
139
78
224
79
73
306
60
139
54
236
93
742
119
481
376
266
90
138
67
188
184
697
60
138
323
144
59
102
56
251
155
143
529
143
103
69
117
75
123
61
127
273
57
141
61
77
70
293
134
102
525
80
100
82
60
79
67
77
243
265
113
241
375
217
300
150
96
69
70
282
286
526
210
143
69
157
96
63
51
124
292
93
252
111
60
64
61
59
107
53
111
65
125
78
97
69
97
100
98
63
70
58
124
163
241
135
78
90
109
570
123
215
113
94
114
560
266
693
464
298
102
54
55
171
62
86
104
75
141
113
105
85
98
106
72
89
70
104
118
69
93
82
58
79
63
114
65
118
225
67
230
70
459
59
63
58
61
112
153
139
221
184
198
155
209
66
73
53
83
107
200
146
232
257
307
137
110
154
82
57
89
80
97
155
67
92
67
59
52
109
94
91
56
57
159
50
89
64
133
84
65
269
62
131
207
198
53
71
67
57
83
54
62
59
116
138
160
74
96
114
124
151
155
236
65
53
156
124
70
79
113
162
62
83
174
135
88
112
92
74
161
98
143
80
132
73
55
89
92
185
52
293
129
378
97
56
62
52
117
59
63
56
76
51
68
61
88
70
59
188
65
92
140
85
73
75
86
71
177
122
70
335
172
105
54
95
66
170
212
440
87
67
83
77
87
68
106
115
75
74
91
93
95
74
82
76
144
94
56
108
66
263
56
194
750
87
92
66
81
167
63
185
76
121
59
170
101
147
58
128
80
123
108
451
135
200
1493
2011
1520
757
690
901
360
178
88
122
173
122
285
81
97
88
229
94
2931
344
518
663
605
251
92
109
334
737
102
92
83
146
102
94
148
80
122
152
78
127
329
220
215
77
129
387
236
249
515
139
147
192
135
53
169
105
81
165
280
94
62
232
67
341
348
172
572
67
375
71
133
218
148
72
126
419
653
123
308
144
262
269
99
96
214
203
164
1039
361
74
343
5315
680
384
281
349
809
372
155
164
161
153
78
214
595
362
177
517
516
403
2177
978
438
221
280
138
246
86
82
122
165
156
167
374
165
91
1111
3674
378
643
71
105
145
269
136
177
115
77
169
395
148
61
93
69
67
137
55
69
121
72
142
61
115
99
96
59
293
103
165
163
76
56
70
119
52
122
313
152
57
69
63
61
63
95
60
72
93
85
59
78
62
49
100
112
160
79
61
103
114
81
87
141
66
225
182
173
241
137
84
70
85
93
73
68
78
98
64
290
68
54
101
92
75
117
212
78
76
61
107
131
155
149
170
139
88
127
101
112
162
71
457
106
119
89
103
61
76
152
80
86
76
91
105
58
238
68
67
71
135
51
80
84
114
105
113
58
118
84
136
72
71
67
91
91
66
207
59
65
76
144
87
89
64
377
139
62
84
81
124
131
79
129
84
76
131
100
421
83
615
502
71
77
90
315
52
125
56
106
110
68
94
112
182
228
51
153
327
279
80
294
136
84
106
86
83
91
280
148
139
63
71
323
354
90
70
74
84
60
111
51
57
92
57
75
297
209
176
73
93
57
92
94
126
107
156
228
79
103
153
80
83
112
210
465
56
56
125
67
73
61
170
76
99
80
90
85
69
128
110
211
168
68
113
70
115
191
106
108
131
49
85
56
52
69
254
83
62
59
135
82
177
79
83
61
145
115
70
235
112
65
55
136
79
509
63
60
125
61
138
88
300
454
86
360
95
82
131
177
90
83
195
150
86
98
74
57
127
83
198
73
83
312
171
54
111
110
160
83
71
68
114
69
99
67
121
71
65
79
62
123
104
138
61
246
122
150
69
137
108
59
91
87
151
60
98
57
59
62
58
123
80
120
82
110
76
74
82
62
52
65
51
392
191
124
97
74
97
109
53
150
106
52
126
147
173
87
297
75
102
97
61
124
53
128
163
53
98
139
183
49
103
52
84
93
81
125
63
140
71
67
71
58
60
64
69
92
88
148
62
125
180
398
62
76
81
219
69
91
77
87
94
81
75
81
123
172
61
327
64
246
275
208
118
60
94
60
147
79
80
87
80
265
51
146
53
134
114
855
72
101
221
254
199
75
115
121
312
468
269
156
306
329
212
257
1097
139
486
252
368
273
325
114
99
95
99
128
86
178
53
270
367
489
263
132
319
648
243
106
58
67
101
60
64
185
571
248
89
86
113
94
238
67
125
160
343
143
111
97
92
91
101
91
169
149
107
134
64
122
89
63
478
61
165
99
193
339
100
58
96
67
121
77
68
149
327
128
104
102
103
214
570
114
397
145
496
100
248
278
341
357
318
313
1035
134
1049
245
358
53
136
96
58
62
264
65
107
70
167
194
384
135
178
85
63
128
69
124
119
66
51
62
60
226
172
304
217
245
838
619
168
207
159
167
331
246
284
239
705
832
263
214
254
441
746
431
1098
270
205
267
1111
114
107
446
401
253
71
66
74
110
139
58
121
61
304
96
207
121
163
149
111
136
522
324
487
1591
371
150
317
82
148
81
71
104
238
82
493
88
131
144
132
168
255
253
160
119
983
299
1126
2154
257
231
306
137
139
469
324
221
279
246
586
515
351
443
213
434
76
663
351
211
92
322
115
461
367
114
120
93
282
106
116
107
688
102
469
94
146
81
110
131
57
94
218
64
150
94
904
294
108
943
231
392
103
280
123
200
89
95
293
304
159
95
88
216
290
237
187
87
139
327
1558
329
499
277
260
139
194
127
344
278
222
191
68
103
206
237
297
81
203
163
197
300
98
106
108
158
81
65
77
91
210
142
73
95
94
223
141
136
59
608
212
113
232
65
102
238
154
99
70
72
90
229
163
53
177
56
89
61
412
490
494
149
89
58
152
63
103
196
77
190
106
298
131
98
330
70
221
57
159
382
98
56
147
160
149
235
72
249
148
966
83
180
372
111
216
289
190
176
75
182
417
79
230
102
154
109
174
133
107
80
74
126
90
195
179
363
245
59
117
366
191
265
196
192
131
62
304
86
63
70
108
77
57
439
277
168
221
94
168
155
90
310
131
107
147
434
170
67
99
80
323
174
188
125
245
449
220
70
96
65
133
227
236
71
157
107
105
153
133
201
348
151
68
350
251
251
57
323
274
131
86
297
78
91
397
98
893
131
198
212
71
439
247
93
265
59
95
198
69
291
101
280
157
126
105
91
111
97
225
271
441
146
97
142
56
145
57
280
211
79
120
111
102
70
68
139
112
111
292
99
152
66
114
95
127
113
118
161
181
78
175
115
104
166
199
287
82
105
111
80
98
160
131
66
114
136
119
81
54
246
142
303
78
163
125
67
168
143
71
82
213
92
451
489
213
193
54
56
163
104
70
314
261
769
147
438
101
124
82
112
129
89
80
58
56
207
188
439
67
123
65
142
61
148
237
111
377
95
264
57
378
119
136
1007
846
256
111
358
177
841
594
247
599
1275
344
297
500
347
249
335
128
100
52
123
63
69
71
74
198
182
156
351
663
209
234
340
208
594
220
214
173
168
122
73
81
189
86
145
241
268
405
355
314
170
150
61
98
53
194
107
128
471
168
196
137
493
503
170
164
79
495
78
245
111
277
380
441
150
82
182
189
739
238
51
1108
164
222
92
344
139
259
515
334
88
282
73
75
84
90
102
481
60
101
54
79
86
224
150
473
732
261
171
157
66
93
122
157
57
143
88
75
101
149
393
54
297
97
130
195
138
185
366
77
103
99
610
334
184
137
267
221
179
216
109
325
207
352
126
249
127
211
53
254
407
84
242
361
115
164
74
74
113
285
124
175
716
107
348
272
109
412
330
81
218
270
415
59
77
164
96
65
69
223
175
111
269
161
287
771
156
335
274
1583
455
268
174
342
96
88
151
97
154
204
131
228
78
56
102
338
100
581
90
146
526
113
295
978
56
112
59
324
84
126
98
91
320
178
207
459
108
132
311
97
629
171
68
429
512
305
176
59
89
270
206
305
846
1181
480
380
118
193
230
77
107
60
113
60
67
55
211
118
54
109
186
120
55
173
78
274
240
83
72
86
277
52
589
84
73
159
78
54
295
127
75
613
64
170
140
414
173
67
52
80
86
72
93
91
110
93
81
152
64
183
103
84
147
234
186
66
144
257
129
433
172
74
222
203
263
49
198
125
197
130
400
244
242
72
118
156
166
133
55
128
102
77
68
175
124
124
68
73
273
77
55
133
122
55
123
142
137
339
81
79
57
71
65
87
98
366
117
70
64
104
131
1173
126
289
56
62
111
291
67
75
67
155
238
266
361
97
105
266
57
75
73
63
69
143
204
74
57
138
82
96
203
104
110
91
54
64
66
84
105
148
92
69
57
55
135
72
114
66
154
58
127
191
161
48
78
69
135
493
78
80
74
59
65
158
53
94
63
263
74
59
59
79
63
93
59
63
86
66
159
73
79
57
53
127
67
111
65
56
77
98
173
129
131
72
86
60
52
145
108
75
133
68
131
97
70
131
60
53
116
55
331
791
333
329
56
70
138
146
99
156
362
66
61
103
53
185
54
245
93
180
142
223
73
116
117
73
106
95
71
65
153
62
67
52
54
152
59
164
138
275
49
82
58
140
87
83
88
61
101
125
77
74
138
81
61
111
68
56
53
71
61
111
72
75
166
277
211
65
80
68
102
118
106
90
71
194
136
548
58
57
176
70
63
105
94
104
720
95
262
131
70
121
69
121
51
64
150
94
48
101
83
269
177
51
121
178
131
65
68
1015
66
56
60
165
58
76
74
168
69
186
69
137
224
127
122
58
88
154
57
119
96
114
78
384
71
50
79
71
63
77
94
160
57
279
93
236
176
71
59
54
52
371
94
504
417
114
175
78
192
102
75
54
55
164
94
125
749
162
525
184
136
294
145
80
63
173
256
117
69
125
224
881
335
213
603
72
96
75
93
71
359
86
187
185
172
113
59
229
252
77
175
86
115
161
170
151
205
100
65
587
149
75
64
53
103
157
192
67
147
73
117
59
138
60
206
138
282
160
145
729
414
65
103
68
92
70
90
122
127
53
268
105
452
104
57
59
73
141
1223
69
259
77
109
101
64
163
84
320
60
97
107
103
175
220
141
196
126
188
359
79
56
70
77
90
99
114
115
509
402
194
775
460
525
145
96
338
906
155
166
188
256
89
869
900
329
239
298
107
89
94
55
105
93
77
77
72
89
90
251
144
1394
170
89
79
299
340
122
170
417
121
500
2858
295
362
299
363
246
186
66
67
118
88
67
61
193
176
89
68
80
59
170
96
116
66
189
230
137
356
507
76
72
64
74
121
56
76
66
188
841
600
121
172
182
163
296
319
98
251
434
74
67
158
56
243
81
55
86
68
121
108
153
109
115
83
61
72
105
106
71
66
60
115
62
65
96
151
427
335
88
97
59
110
65
62
228
59
90
119
250
79
67
100
170
92
773
209
445
534
141
779
121
111
72
96
73
141
73
148
164
121
81
75
101
51
461
1055
207
103
130
135
121
114
102
79
82
72
123
60
179
240
232
152
211
280
76
156
173
56
88
53
213
133
126
106
93
452
75
91
87
62
87
93
71
124
56
79
86
107
74
59
181
672
62
69
2555
1575
508
654
423
852
176
93
187
83
103
83
450
124
78
242
1072
151
430
411
172
145
243
490
185
314
1768
337
137
137
130
98
107
64
586
324
122
76
179
70
137
233
123
130
84
114
131
628
628
149
477
172
208
161
267
1157
325
336
571
296
402
491
502
233
647
548
2102
262
453
237
170
230
214
220
652
455
188
337
449
265
155
450
225
229
106
273
118
62
431
274
492
111
341
246
421
123
98
226
59
303
96
349
156
99
51
108
114
172
755
60
83
159
139
48
51
238
107
76
185
73
72
105
68
329
275
575
220
85
106
99
118
114
216
130
110
148
100
165
65
95
61
243
203
70
153
141
84
100
114
165
80
85
106
381
59
108
231
65
96
191
90
150
115
66
233
114
167
60
122
220
105
161
135
149
65
165
446
420
99
108
135
253
365
136
151
113
192
128
285
66
51
242
405
82
66
215
126
119
65
434
258
54
1387
179
51
93
55
108
180
158
149
402
153
106
560
317
145
54
117
77
295
249
239
240
161
79
93
67
296
180
194
105
67
208
291
76
158
83
98
98
300
111
65
379
168
76
155
150
72
90
170
177
73
104
66
226
86
84
67
147
99
184
71
65
98
152
110
89
112
91
90
65
263
103
312
162
130
191
351
73
71
68
102
224
71
80
304
56
112
138
137
195
71
297
332
225
212
211
156
126
113
111
75
196
52
92
60
184
73
53
453
232
298
74
317
215
76
261
129
135
194
72
51
147
83
72
59
101
72
127
265
174
133
72
59
50
98
157
182
96
109
96
53
545
84
111
106
163
239
189
158
156
150
134
78
87
229
137
375
64
408
114
73
202
117
79
170
223
132
159
300
269
176
192
90
158
368
175
63
93
54
61
83
53
80
75
81
130
159
65
295
105
58
110
240
64
188
57
282
241
126
221
54
99
160
77
94
171
124
75
143
143
175
288
70
140
63
231
89
231
78
138
64
382
64
1351
214
301
221
126
58
87
150
135
390
304
72
90
96
94
97
169
85
70
127
143
54
489
135
224
104
127
93
448
289
88
108
66
60
304
679
189
266
64
256
102
322
450
194
379
300
120
77
249
871
143
1354
688
240
153
397
352
449
265
162
68
507
594
70
182
103
162
104
324
155
93
57
145
172
85
52
64
624
101
77
456
111
123
179
299
4292
282
417
289
558
271
569
865
102
59
64
132
287
128
136
145
104
326
56
143
129
163
278
116
57
154
67
132
263
115
56
64
74
653
86
50
628
271
297
306
500
2251
1001
165
173
399
679
192
306
65
723
341
1332
210
81
121
118
96
124
142
133
92
66
194
139
97
233
159
71
90
205
66
66
191
181
1475
259
492
334
272
1175
302
145
52
83
87
196
67
97
94
57
199
101
103
122
77
58
101
302
73
52
147
75
75
183
69
87
50
55
103
134
52
105
76
74
54
82
51
229
805
104
244
55
111
82
95
94
62
141
97
90
452
295
101
169
117
216
81
112
119
262
161
177
374
527
126
70
239
126
389
441
1617
3670
116
1505
984
507
166
186
162
108
160
185
116
268
214
59
70
71
198
78
57
97
93
122
54
387
564
2284
527
592
73
196
97
111
119
54
85
57
101
103
92
63
67
193
90
140
204
98
82
68
168
144
121
336
150
52
76
202
237
111
94
56
368
111
81
157
577
102
169
145
248
669
215
156
342
271
245
459
116
132
75
402
296
236
62
96
67
125
121
143
70
181
510
201
177
115
240
90
266
96
435
258
1108
66
379
445
235
91
103
66
86
55
72
106
118
54
56
108
125
140
282
541
906
409
218
253
103
565
183
225
758
347
353
146
158
111
79
62
84
126
89
141
54
70
146
114
250
212
139
160
63
145
133
64
104
59
84
216
61
89
53
99
93
204
102
108
237
77
65
89
105
164
59
119
163
74
80
141
89
53
116
152
101
59
61
80
59
57
79
67
82
56
72
107
50
123
80
126
180
95
55
65
77
53
66
119
85
75
100
73
56
191
168
192
70
98
68
55
332
209
637
281
79
75
490
142
157
167
168
81
74
174
122
140
50
1023
365
164
62
188
67
95
83
321
89
97
94
122
90
228
260
122
189
97
117
57
53
92
83
141
112
115
137
137
173
160
104
311
141
248
69
67
156
75
63
71
59
79
135
78
52
67
70
78
122
286
150
62
90
105
213
76
70
63
69
126
237
116
365
62
54
124
52
122
224
68
193
82
74
86
51
66
147
126
98
68
85
110
88
109
85
65
73
60
55
61
83
89
129
158
70
313
125
61
70
67
75
87
97
62
103
54
115
263
65
189
137
500
77
102
117
81
62
135
118
128
86
52
57
87
75
61
113
56
79
73
127
63
50
107
83
59
76
58
59
53
205
131
63
84
69
352
58
989
70
98
73
119
117
66
348
285
87
78
115
70
88
55
132
156
80
71
78
116
62
76
88
81
89
55
76
228
85
198
48
318
279
124
59
52
56
104
92
84
55
162
117
58
78
82
82
130
63
59
82
78
121
89
192
206
56
58
132
212
53
416
96
80
69
56
98
59
107
109
136
77
205
302
158
105
202
191
52
118
71
103
130
65
70
90
52
53
57
108
63
85
140
147
58
69
51
168
87
144
118
70
130
180
61
114
125
115
121
64
68
162
97
190
484
55
152
118
85
62
179
524
268
79
170
115
222
134
76
93
667
83
79
58
130
58
82
92
78
107
79
64
66
55
148
83
94
95
72
52
240
55
72
181
74
85
77
177
96
118
107
108
62
64
151
73
421
80
162
131
101
108
82
73
85
103
107
76
82
147
401
677
110
80
75
100
308
443
352
367
79
236
113
51
59
84
230
103
245
63
74
70
167
301
226
444
331
72
58
110
59
92
108
96
220
124
54
143
107
63
65
93
378
94
164
91
166
69
60
175
64
72
103
102
58
115
50
71
118
189
74
722
131
118
133
143
143
207
658
136
280
96
139
193
155
148
82
128
84
913
1470
427
434
380
113
191
82
265
646
72
132
200
230
175
218
939
156
584
388
155
105
62
195
83
135
143
216
108
63
161
59
335
133
191
213
332
948
141
150
90
91
258
147
441
699
368
672
273
338
337
874
261
135
277
71
189
133
360
181
117
117
733
112
197
202
100
1742
220
1111
1426
521
1661
255
139
337
173
125
425
282
268
460
257
106
1003
398
223
1000
250
101
194
169
133
236
131
124
539
315
191
219
384
191
154
328
212
120
195
1279
634
337
666
88
171
176
151
115
62
65
77
69
58
135
88
114
66
169
78
64
133
65
153
125
69
65
81
88
87
80
284
71
94
54
50
152
77
59
177
59
174
53
85
123
681
264
180
69
298
145
58
178
83
281
2153
288
115
126
171
231
96
102
99
144
89
91
60
55
87
237
59
93
78
111
210
223
116
66
337
132
80
84
96
59
179
175
64
179
539
56
89
330
110
51
65
61
110
73
124
80
76
76
60
97
58
192
70
138
69
52
84
125
56
230
87
59
49
136
84
100
91
98
72
104
60
121
109
213
51
50
84
110
98
124
532
228
81
282
75
58
59
60
168
118
89
82
51
128
94
60
121
166
155
60
112
62
145
538
57
100
82
97
93
56
178
92
117
60
61
64
89
127
62
86
142
113
112
101
96
83
112
115
66
195
290
488
813
464
341
378
426
100
104
135
291
111
73
141
90
111
56
65
89
57
83
109
53
99
95
65
71
56
98
157
59
156
99
62
126
67
101
93
114
50
347
376
200
55
98
56
132
129
114
145
145
100
91
118
594
97
69
52
51
121
100
100
224
284
602
71
60
67
72
57
61
157
70
122
70
55
71
62
52
56
111
77
60
131
62
55
200
82
54
55
59
143
60
135
146
105
52
63
209
189
65
74
93
86
69
180
122
117
159
80
64
188
59
81
126
132
119
72
113
74
77
192
117
63
134
97
90
363
85
163
78
134
69
52
94
137
63
117
103
351
122
60
353
94
200
330
72
85
73
68
80
148
93
87
229
872
128
447
211
133
136
83
136
52
146
80
85
69
78
279
117
72
66
65
296
105
55
55
96
165
107
138
75
74
80
85
85
118
108
70
77
71
56
108
93
55
92
64
54
147
158
127
163
66
117
95
83
125
127
156
84
305
78
520
79
151
85
123
92
65
122
59
230
113
184
251
125
291
110
357
62
170
95
66
73
177
726
339
62
87
69
69
228
292
327
100
108
68
79
115
61
53
66
89
111
290
175
91
111
69
56
193
134
197
151
68
72
74
100
68
80
82
117
52
81
91
67
105
110
206
54
62
135
86
156
396
619
82
149
51
99
50
171
201
54
210
52
112
50
59
181
76
106
133
73
122
86
71
226
325
186
88
71
122
92
157
133
79
186
344
121
59
68
206
96
281
61
178
60
221
54
67
56
80
66
281
52
87
81
83
97
69
228
90
62
74
116
639
141
119
125
156
76
73
89
222
190
62
63
113
122
79
76
225
173
50
74
389
326
130
108
79
139
77
51
73
95
120
62
90
111
223
152
66
197
57
72
515
448
156
424
110
118
274
133
124
78
90
136
57
140
55
73
106
70
59
92
63
192
76
203
79
52
73
64
111
109
147
80
899
74
63
82
72
52
63
55
112
86
65
87
85
56
63
101
401
58
75
48
51
54
89
64
50
90
66
52
82
101
60
56
404
50
85
110
85
175
56
149
122
170
163
88
210
172
100
111
580
53
122
238
70
102
71
95
83
65
52
58
100
86
86
97
120
62
62
82
81
152
217
53
81
104
53
155
137
50
67
69
71
70
58
81
253
93
77
110
90
107
67
108
314
91
61
79
141
74
218
69
499
79
265
63
176
65
87
67
110
73
160
78
111
134
50
100
294
48
202
75
157
216
1617
107
389
1220
467
122
850
317
322
428
52
86
118
119
67
58
119
70
252
142
777
137
159
395
178
187
382
270
1880
1050
549
468
263
150
233
298
123
397
182
108
86
276
101
110
130
98
54
275
323
250
213
315
405
250
324
241
75
122
60
198
125
67
150
56
78
162
237
238
342
383
209
218
157
69
144
75
174
230
56
140
136
107
772
195
120
132
134
81
82
114
184
58
64
514
160
82
299
115
338
59
180
221
151
897
187
319
84
102
158
142
446
160
1008
924
743
160
179
62
184
436
257
70
69
106
61
174
65
163
140
116
102
65
103
393
1721
390
119
79
254
139
198
91
94
69
183
150
259
454
376
595
340
275
178
72
190
147
144
206
180
230
140
54
103
124
56
269
99
85
437
58
348
101
156
109
184
111
55
73
50
114
166
150
70
105
64
753
133
87
103
85
75
58
77
163
67
70
79
213
62
89
65
101
51
122
76
142
171
82
67
51
68
108
84
115
76
415
345
56
71
76
61
58
273
96
104
64
71
67
79
104
88
134
192
93
291
108
169
54
54
111
68
115
95
265
125
144
81
57
72
138
102
60
84
72
80
68
59
77
115
111
68
68
57
89
87
63
90
87
65
145
107
70
92
143
84
62
65
104
271
81
72
127
631
277
97
60
76
56
156
111
532
179
156
199
136
63
69
67
136
63
63
175
63
79
80
52
84
114
101
68
76
58
66
73
75
141
209
58
112
77
172
53
72
55
51
94
55
91
86
239
129
396
97
213
53
155
98
104
103
465
129
71
132
96
60
73
56
65
60
110
59
144
69
101
100
100
57
88
60
70
82
82
92
120
66
256
137
151
81
108
85
348
93
87
807
1035
84
246
244
466
250
70
225
830
155
85
1177
126
87
300
157
87
84
61
98
79
191
143
60
65
56
102
80
87
67
420
193
327
194
2040
555
468
1019
137
71
94
124
72
113
131
166
153
304
168
507
125
361
140
275
418
